62.232365 25.737935
62.23227 25.737878333333
62.232226666667 25.73801
62.232196666667 25.738116666667
62.232115 25.738258333333
62.232141666667 25.738365
62.23216 25.73847
62.23222 25.738418333333
62.232326666667 25.738246666667
62.232438333333 25.738115
62.23261 25.737936666667
62.232751666667 25.73777
62.232901666667 25.737593333333
62.233083333333 25.737396666667
62.233145 25.737331666667
62.233265 25.737185
62.233313333333 25.737128333333
62.233498333333 25.736928333333
62.233545 25.736875
62.233461666667 25.737018333333
62.233486666667 25.737101666667
62.233408333333 25.737246666667
62.233243333333 25.737496666667
62.23315 25.737703333333
62.232996666667 25.737955
62.232935 25.738041666667
62.232971666667 25.737943333333
62.233036666667 25.737843333333
62.232723333333 25.73803
62.232641666667 25.738068333333
62.232468333333 25.738258333333
62.232465 25.738131666667
62.23252 25.738038333333
62.232548333333 25.737918333333
62.232615 25.737853333333
62.232666666667 25.737783333333
62.232698333333 25.737671666667
62.232748333333 25.737655
62.232801666667 25.737598333333
62.232758333333 25.737641666667
62.23268 25.737711666667
62.232568333333 25.737768333333
62.232506666667 25.737801666667
62.232393333333 25.737866666667
62.232211666667 25.738023333333
62.232086666667 25.738215
62.232043333333 25.73833
62.231961666667 25.73842
62.231906666667 25.738473333333
62.231741666667 25.738613333333
62.23168 25.738695
62.231606666667 25.738758333333
62.231578333333 25.738678333333
62.23152 25.738768333333
62.2316 25.7387
62.231695 25.738601666667
62.23181 25.738511666667
62.231891666667 25.738441666667
62.231955 25.738385
62.23207 25.738283333333
62.232148333333 25.738205
62.23223 25.738113333333
62.232285 25.738061666667
62.232338333333 25.73799
62.232373333333 25.737923333333
62.232428333333 25.737851666667
62.232493333333 25.73779
62.232536666667 25.737743333333
62.232535 25.737636666667
62.232575 25.737551666667
62.232521666667 25.73759
62.232576666667 25.737605
62.232535 25.737665
62.232463333333 25.737743333333
62.232421666667 25.737806666667
62.23247 25.737795
62.23242 25.73794
62.232298333333 25.73809
62.232183333333 25.738183333333
62.232231666667 25.73812
62.232293333333 25.738056666667
62.232388333333 25.737981666667
62.232548333333 25.73785
62.23262 25.737775
62.232553333333 25.737928333333
62.232473333333 25.738013333333
62.232543333333 25.737925
62.232696666667 25.737803333333
62.23278 25.737713333333
62.232846666667 25.737626666667
62.232886666667 25.737536666667
62.232965 25.737413333333
62.23306 25.737275
62.233128333333 25.737181666667
62.233195 25.737135
62.23311 25.73725
62.233026666667 25.737378333333
62.232993333333 25.737451666667
62.233055 25.737476666667
62.23313 25.737493333333
62.233125 25.737633333333
62.233088333333 25.73779
62.233133333333 25.737846666667
62.233178333333 25.737896666667
62.233183333333 25.738003333333
62.232805 25.737891666667
62.232593333333 25.738051666667
62.232545 25.738038333333
62.232413333333 25.738146666667
62.232268333333 25.738291666667
62.232196666667 25.738425
62.232135 25.73853
62.23205 25.73863
62.231956666667 25.738718333333
62.231911666667 25.738685
62.232135 25.738311666667
62.232356666667 25.737946666667
62.232541666667 25.737635
62.232603333333 25.737551666667
62.232556666667 25.737578333333
62.232721666667 25.737186666667
62.232668333333 25.737156666667
62.232641666667 25.737236666667
62.2326 25.73716
62.232603333333 25.737033333333
62.232538333333 25.737251666667
62.232481666667 25.737315
62.23243 25.73729
62.232365 25.73728
62.232315 25.7372
62.23227 25.737193333333
62.232228333333 25.737255
62.232181666667 25.737296666667
62.232178333333 25.737161666667
62.23238 25.736586666667
62.232121666667 25.736715
62.232185 25.736823333333
62.232211666667 25.73673
62.232225 25.736626666667
62.232191666667 25.736698333333
62.232271666667 25.73658
62.232315 25.736553333333
62.232376666667 25.73651
62.232328333333 25.736643333333
62.232248333333 25.736465
62.232215 25.73637
62.232173333333 25.736286666667
62.232135 25.736188333333
62.232093333333 25.736125
62.232046666667 25.736086666667
62.232001666667 25.736071666667
62.231951666667 25.736115
62.231906666667 25.736206666667
62.23186 25.736328333333
62.231808333333 25.736446666667
62.231745 25.736555
62.231653333333 25.736721666667
62.231601666667 25.736821666667
62.231555 25.736891666667
62.231501666667 25.736876666667
62.231441666667 25.736736666667
62.231346666667 25.736558333333
62.231235 25.73635
62.231145 25.736176666667
62.231076666667 25.736046666667
62.231025 25.735925
62.230978333333 25.73581
62.230931666667 25.735716666667
62.230886666667 25.735628333333
62.230843333333 25.735533333333
62.230796666667 25.735438333333
62.23075 25.73534
62.230698333333 25.735245
62.23063 25.735166666667
62.230531666667 25.73513
62.23042 25.735121666667
62.230308333333 25.735078333333
62.230215 25.734958333333
62.230136666667 25.734801666667
62.230063333333 25.73465
62.23 25.734491666667
62.229953333333 25.73431
62.229923333333 25.734113333333
62.229893333333 25.733921666667
62.229846666667 25.73375
62.229783333333 25.733601666667
62.22871 25.729525
62.228661666667 25.729475
62.228611666667 25.729426666667
62.228561666667 25.72938
62.228461666667 25.729285
62.228363333333 25.7292
62.228266666667 25.72912
62.22817 25.729038333333
62.228075 25.728953333333
62.227981666667 25.728866666667
62.227888333333 25.728785
62.227796666667 25.728708333333
62.227705 25.72863
62.227613333333 25.728553333333
62.227525 25.728473333333
62.227435 25.728401666667
62.22734 25.72833
62.227243333333 25.728258333333
62.227148333333 25.728186666667
62.227051666667 25.728115
62.226956666667 25.72805
62.226856666667 25.727986666667
62.226755 25.727911666667
62.226651666667 25.727873333333
62.226548333333 25.727865
62.226445 25.727878333333
62.226351666667 25.727925
62.226278333333 25.728018333333
62.22622 25.728141666667
62.22614 25.728186666667
62.226073333333 25.728125
62.226023333333 25.727963333333
62.226008333333 25.727758333333
62.226 25.727581666667
62.225983333333 25.727428333333
62.22596 25.727308333333
62.225918333333 25.727211666667
62.225856666667 25.72714
62.225783333333 25.727091666667
62.225706666667 25.727048333333
62.225623333333 25.72702
62.225536666667 25.727025
62.225448333333 25.727066666667
62.225363333333 25.727168333333
62.225271666667 25.72726
62.225175 25.72728
62.225083333333 25.727243333333
62.224993333333 25.727203333333
62.224903333333 25.727166666667
62.22481 25.727126666667
62.224716666667 25.727091666667
62.224621666667 25.727046666667
62.224531666667 25.726986666667
62.224446666667 25.72694
62.224366666667 25.726906666667
62.224283333333 25.726871666667
62.2242 25.726835
62.224118333333 25.726801666667
62.224036666667 25.72677
62.22396 25.726743333333
62.223881666667 25.726715
62.2238 25.726686666667
62.223721666667 25.72666
62.223638333333 25.726628333333
62.223551666667 25.726596666667
62.223461666667 25.726563333333
62.223373333333 25.72653
62.223286666667 25.7265
62.223201666667 25.726473333333
62.223121666667 25.726443333333
62.223045 25.726413333333
62.222966666667 25.726385
62.222885 25.726356666667
62.222803333333 25.726328333333
62.222718333333 25.726301666667
62.22263 25.726273333333
62.222538333333 25.726248333333
62.222451666667 25.726228333333
62.222371666667 25.726206666667
62.222285 25.72618
62.222193333333 25.726148333333
62.2221 25.726125
62.222005 25.726103333333
62.221906666667 25.726073333333
62.221806666667 25.726041666667
62.221706666667 25.726006666667
62.221611666667 25.725953333333
62.221521666667 25.725875
62.221438333333 25.725788333333
62.221345 25.725718333333
62.221251666667 25.72568
62.221161666667 25.725663333333
62.221076666667 25.725648333333
62.220988333333 25.725633333333
62.220891666667 25.725625
62.220793333333 25.725623333333
62.220696666667 25.725633333333
62.220605 25.725655
62.220518333333 25.725688333333
62.220433333333 25.725708333333
62.220343333333 25.725701666667
62.220246666667 25.72569
62.220145 25.725698333333
62.22004 25.72572
62.219935 25.725763333333
62.219831666667 25.72582
62.21973 25.725893333333
62.219628333333 25.725973333333
62.219528333333 25.726075
62.219431666667 25.726191666667
62.219336666667 25.726315
62.219243333333 25.726438333333
62.219153333333 25.726563333333
62.219065 25.726695
62.218983333333 25.72683
62.2189 25.726983333333
62.218813333333 25.72714
62.21872 25.727301666667
62.218611666667 25.727453333333
62.218493333333 25.727571666667
62.218365 25.727658333333
62.21823 25.727706666667
62.218088333333 25.727713333333
62.217955 25.727728333333
62.217845 25.727861666667
62.217736666667 25.72802
62.217611666667 25.72803
62.217493333333 25.727965
62.217366666667 25.727881666667
62.217238333333 25.7278
62.217116666667 25.727678333333
62.217023333333 25.727488333333
62.21697 25.727271666667
62.216941666667 25.727065
62.216925 25.726868333333
62.216915 25.72668
62.216901666667 25.726503333333
62.216883333333 25.726325
62.21685 25.726165
62.2168 25.72602
62.216723333333 25.72589
62.216601666667 25.7258
62.216436666667 25.72578
62.216243333333 25.72578
62.216026666667 25.725775
62.215788333333 25.725771666667
62.215545 25.725735
62.215306666667 25.725628333333
62.21508 25.725468333333
62.214851666667 25.725338333333
62.214623333333 25.725313333333
62.214405 25.725275
62.214218333333 25.725111666667
62.214055 25.724903333333
62.213898333333 25.724706666667
62.213751666667 25.72451
62.213615 25.724306666667
62.213485 25.724095
62.213376666667 25.72387
62.213293333333 25.723631666667
62.213203333333 25.72343
62.21311 25.723266666667
62.213021666667 25.723128333333
62.212938333333 25.723006666667
62.212868333333 25.722893333333
62.212806666667 25.722786666667
62.212755 25.722681666667
62.212705 25.722585
62.212655 25.722493333333
62.212606666667 25.7224
62.21253 25.722263333333
62.21248 25.722176666667
62.212433333333 25.722081666667
62.212383333333 25.721988333333
62.212331666667 25.721893333333
62.21228 25.7218
62.212228333333 25.721706666667
62.21218 25.721613333333
62.21213 25.721521666667
62.212083333333 25.721433333333
62.212038333333 25.721348333333
62.211993333333 25.721263333333
62.211945 25.721181666667
62.211893333333 25.721101666667
62.211843333333 25.72103
62.21179 25.720961666667
62.211736666667 25.72089
62.21158 25.720683333333
62.211528333333 25.720616666667
62.211475 25.720553333333
62.211415 25.720496666667
62.211356666667 25.720448333333
62.211301666667 25.720418333333
62.211236666667 25.720391666667
62.211171666667 25.720368333333
62.211106666667 25.720355
62.211036666667 25.72034
62.210968333333 25.720328333333
62.2109 25.72031
62.210833333333 25.720281666667
62.210768333333 25.720256666667
62.210698333333 25.720228333333
62.210633333333 25.720186666667
62.21057 25.720143333333
62.210508333333 25.7201
62.21045 25.720055
62.210401666667 25.719986666667
62.210378333333 25.719866666667
62.210361666667 25.71974
62.210348333333 25.719643333333
62.210328333333 25.719518333333
62.210293333333 25.719388333333
62.210278333333 25.719255
62.210268333333 25.719133333333
62.210253333333 25.719018333333
62.210236666667 25.718903333333
62.210213333333 25.718786666667
62.21019 25.718673333333
62.210163333333 25.718565
62.210133333333 25.718455
62.210101666667 25.718343333333
62.210066666667 25.718241666667
62.21003 25.718146666667
62.209993333333 25.718048333333
62.209958333333 25.71795
62.209925 25.717848333333
62.209886666667 25.717755
62.209841666667 25.717666666667
62.209793333333 25.71758
62.209746666667 25.717491666667
62.209701666667 25.717408333333
62.209658333333 25.717326666667
62.209623333333 25.717256666667
62.209586666667 25.717188333333
62.209551666667 25.717118333333
62.209511666667 25.717051666667
62.209476666667 25.716983333333
62.20944 25.716918333333
62.209403333333 25.716853333333
62.209351666667 25.716758333333
62.209315 25.716693333333
62.209278333333 25.716628333333
62.209243333333 25.716566666667
62.20919 25.716483333333
62.209141666667 25.716383333333
62.209105 25.71632
62.209056666667 25.716225
62.209016666667 25.716156666667
62.20898 25.716095
62.208925 25.716
62.208886666667 25.715938333333
62.20884 25.715856666667
62.20879 25.715766666667
62.208743333333 25.715686666667
62.208696666667 25.715588333333
62.208651666667 25.715486666667
62.208601666667 25.715393333333
62.208555 25.715303333333
62.208508333333 25.715211666667
62.208455 25.715123333333
62.208405 25.715033333333
62.20835 25.714936666667
62.208291666667 25.714836666667
62.208243333333 25.714743333333
62.208196666667 25.714651666667
62.208141666667 25.714556666667
62.208091666667 25.714468333333
62.208036666667 25.714378333333
62.207978333333 25.714285
62.207918333333 25.714193333333
62.207855 25.714101666667
62.207796666667 25.714016666667
62.207735 25.713936666667
62.207676666667 25.713866666667
62.207616666667 25.713791666667
62.207566666667 25.713723333333
62.207511666667 25.713661666667
62.207461666667 25.7136
62.207406666667 25.71354
62.20735 25.713478333333
62.207286666667 25.713408333333
62.207221666667 25.713325
62.20715 25.71325
62.20708 25.713173333333
62.20701 25.713095
62.206941666667 25.713015
62.206873333333 25.712933333333
62.206803333333 25.712856666667
62.206738333333 25.712786666667
62.20667 25.712716666667
62.206613333333 25.712653333333
62.20655 25.712578333333
62.206475 25.712486666667
62.206396666667 25.712401666667
62.206326666667 25.712318333333
62.206255 25.71224
62.206183333333 25.71216
62.206113333333 25.712083333333
62.206043333333 25.712006666667
62.205978333333 25.711918333333
62.205908333333 25.711835
62.205841666667 25.711751666667
62.20577 25.711675
62.2057 25.711595
62.205553333333 25.711438333333
62.205481666667 25.711358333333
62.205408333333 25.71127
62.205326666667 25.711186666667
62.20495 25.710861666667
62.204905 25.71083
62.204861666667 25.710796666667
62.204775 25.710731666667
62.204688333333 25.710673333333
62.204598333333 25.710616666667
62.20451 25.710565
62.204425 25.710515
62.204341666667 25.710463333333
62.20426 25.710415
62.204176666667 25.710375
62.204086666667 25.710338333333
62.203996666667 25.710295
62.203908333333 25.710261666667
62.203816666667 25.710231666667
62.203726666667 25.710206666667
62.203636666667 25.710183333333
62.203545 25.710166666667
62.203453333333 25.71015
62.20336 25.710135
62.203268333333 25.710121666667
62.203176666667 25.710113333333
62.203086666667 25.710108333333
62.203 25.710113333333
62.20291 25.71012
62.20282 25.710123333333
62.202725 25.710131666667
62.202631666667 25.710145
62.202536666667 25.71016
62.202443333333 25.71018
62.202348333333 25.710196666667
62.202255 25.71022
62.202161666667 25.710241666667
62.202068333333 25.710265
62.201976666667 25.710285
62.201881666667 25.710301666667
62.201786666667 25.710318333333
62.201695 25.710335
62.201601666667 25.710355
62.201505 25.710366666667
62.201413333333 25.710378333333
62.201318333333 25.710383333333
62.201223333333 25.710388333333
62.201131666667 25.710388333333
62.201038333333 25.710393333333
62.200941666667 25.710385
62.200851666667 25.710383333333
62.200756666667 25.710373333333
62.200668333333 25.71037
62.200583333333 25.710363333333
62.2005 25.710361666667
62.200413333333 25.710356666667
62.200335 25.710353333333
62.200251666667 25.710348333333
62.20017 25.710341666667
62.200091666667 25.710336666667
62.200006666667 25.71033
62.199926666667 25.710328333333
62.199848333333 25.710325
62.199765 25.710313333333
62.199683333333 25.710305
62.1996 25.710293333333
62.199518333333 25.71028
62.19944 25.710266666667
62.199348333333 25.710248333333
62.199253333333 25.710233333333
62.199165 25.710203333333
62.19908 25.710165
62.198995 25.710126666667
62.198913333333 25.710095
62.19883 25.710065
62.198751666667 25.710036666667
62.198676666667 25.710003333333
62.198601666667 25.709975
62.198525 25.709941666667
62.198445 25.709908333333
62.198358333333 25.709871666667
62.198273333333 25.709838333333
62.198186666667 25.709801666667
62.198105 25.709766666667
62.198023333333 25.709731666667
62.19794 25.709695
62.197856666667 25.709663333333
62.197771666667 25.709623333333
62.19769 25.709586666667
62.197606666667 25.709551666667
62.197526666667 25.70952
62.197445 25.709486666667
62.197361666667 25.709455
62.197278333333 25.70942
62.197196666667 25.709388333333
62.197113333333 25.709358333333
62.19703 25.70933
62.196946666667 25.709301666667
62.196865 25.709283333333
62.196775 25.709266666667
62.196685 25.709253333333
62.196591666667 25.70924
62.196491666667 25.709226666667
62.196393333333 25.709211666667
62.196296666667 25.709195
62.195955 25.709155
62.195905 25.709145
62.195851666667 25.709135
62.1958 25.709126666667
62.195698333333 25.709106666667
62.195598333333 25.709083333333
62.195493333333 25.709068333333
62.195383333333 25.709048333333
62.195273333333 25.709025
62.195113333333 25.709003333333
62.195061666667 25.708996666667
62.194958333333 25.70899
62.194851666667 25.70898
62.194741666667 25.70896
62.194631666667 25.708945
62.194528333333 25.708941666667
62.19443 25.708951666667
62.194336666667 25.708955
62.194243333333 25.708938333333
62.194156666667 25.708928333333
62.194068333333 25.708916666667
62.193973333333 25.708903333333
62.193878333333 25.708888333333
62.193783333333 25.708868333333
62.193683333333 25.708856666667
62.193585 25.708838333333
62.193488333333 25.708826666667
62.193388333333 25.708806666667
62.193291666667 25.708778333333
62.193198333333 25.708758333333
62.193101666667 25.708736666667
62.193 25.708716666667
62.192895 25.708703333333
62.192788333333 25.708683333333
62.192681666667 25.708665
62.192576666667 25.708645
62.192473333333 25.708623333333
62.19237 25.708606666667
62.192268333333 25.708583333333
62.192158333333 25.70856
62.192048333333 25.708541666667
62.191938333333 25.708525
62.191826666667 25.708508333333
62.191716666667 25.70849
62.191606666667 25.70847
62.1915 25.708446666667
62.191391666667 25.70843
62.191286666667 25.708416666667
62.19118 25.708391666667
62.191071666667 25.708371666667
62.19097 25.708353333333
62.190866666667 25.70833
62.19077 25.708313333333
62.190671666667 25.708295
62.190573333333 25.708278333333
62.190476666667 25.708268333333
62.190383333333 25.708253333333
62.19029 25.708233333333
62.190201666667 25.708208333333
62.190118333333 25.708188333333
62.190036666667 25.70816
62.189963333333 25.708126666667
62.189875 25.708016666667
62.189845 25.707903333333
62.189826666667 25.707808333333
62.18977 25.707743333333
62.189721666667 25.707735
62.189671666667 25.707736666667
62.18963 25.707775
62.189613333333 25.70789
62.189603333333 25.708043333333
62.189593333333 25.70822
62.189578333333 25.708408333333
62.189565 25.7086
62.189546666667 25.70878
62.189526666667 25.708966666667
62.18951 25.709165
62.189485 25.709368333333
62.189456666667 25.709575
62.189428333333 25.70979
62.189391666667 25.710006666667
62.189328333333 25.710333333333
62.189301666667 25.71045
62.189255 25.71071
62.189208333333 25.710968333333
62.189166666667 25.711211666667
62.189128333333 25.711443333333
62.189091666667 25.711663333333
62.189045 25.711866666667
62.188993333333 25.712058333333
62.188946666667 25.712238333333
62.188901666667 25.712411666667
62.188863333333 25.712575
62.188813333333 25.71273
62.188741666667 25.712836666667
62.18865 25.71286
62.188556666667 25.712833333333
62.188463333333 25.712796666667
62.18837 25.712761666667
62.188275 25.712715
62.188176666667 25.712658333333
62.188075 25.712603333333
62.187968333333 25.712566666667
62.187863333333 25.712538333333
62.187763333333 25.712501666667
62.187665 25.712455
62.187566666667 25.712406666667
62.187461666667 25.712346666667
62.187355 25.712273333333
62.187251666667 25.71219
62.187155 25.712098333333
62.18706 25.712
62.186966666667 25.711891666667
62.186873333333 25.71177
62.186783333333 25.71164
62.186695 25.711503333333
62.18661 25.71135
62.186528333333 25.71119
62.186453333333 25.711026666667
62.186383333333 25.710865
62.186313333333 25.710701666667
62.186241666667 25.710536666667
62.186171666667 25.710373333333
62.186096666667 25.710206666667
62.18602 25.710041666667
62.185946666667 25.709875
62.18587 25.709715
62.185798333333 25.709545
62.185733333333 25.709376666667
62.18563 25.70913
62.185596666667 25.709048333333
62.185526666667 25.708883333333
62.185461666667 25.708725
62.185401666667 25.708558333333
62.185328333333 25.708388333333
62.18526 25.708218333333
62.185195 25.708045
62.185136666667 25.707868333333
62.185081666667 25.707688333333
62.185031666667 25.707516666667
62.184986666667 25.707356666667
62.184948333333 25.707215
62.184916666667 25.707111666667
62.184881666667 25.70704
62.184836666667 25.70697
62.184785 25.706921666667
62.184745 25.706808333333
62.184718333333 25.70669
62.184698333333 25.706593333333
62.184665 25.706475
62.184621666667 25.706306666667
62.184565 25.706091666667
62.184498333333 25.705861666667
62.184428333333 25.705625
62.18437 25.705413333333
62.18432 25.705233333333
62.184273333333 25.705081666667
62.184236666667 25.704935
62.184198333333 25.704796666667
62.184165 25.704666666667
62.184133333333 25.704535
62.184105 25.704398333333
62.184071666667 25.704251666667
62.184041666667 25.704111666667
62.184015 25.703996666667
62.183986666667 25.703863333333
62.183946666667 25.703706666667
62.183908333333 25.703541666667
62.183871666667 25.703375
62.183826666667 25.703205
62.183783333333 25.703036666667
62.183738333333 25.702881666667
62.183703333333 25.70272
62.18367 25.702546666667
62.183628333333 25.702358333333
62.183585 25.702158333333
62.183546666667 25.701955
62.183488333333 25.70165
62.183468333333 25.701548333333
62.183421666667 25.701338333333
62.183378333333 25.701126666667
62.183345 25.700915
62.183313333333 25.700705
62.183278333333 25.700493333333
62.18324 25.700276666667
62.183203333333 25.70006
62.183165 25.699843333333
62.183126666667 25.699626666667
62.183088333333 25.699405
62.183045 25.699185
62.18301 25.698965
62.182975 25.698751666667
62.182943333333 25.698548333333
62.182908333333 25.69836
62.182885 25.698178333333
62.182855 25.697995
62.18282 25.697815
62.182791666667 25.697646666667
62.18276 25.697495
62.182736666667 25.697356666667
62.182713333333 25.697226666667
62.182685 25.697088333333
62.182655 25.696936666667
62.182623333333 25.696786666667
62.182591666667 25.69664
62.182541666667 25.696433333333
62.182508333333 25.696301666667
62.182475 25.696176666667
62.182438333333 25.696053333333
62.182403333333 25.695931666667
62.182363333333 25.695813333333
62.182323333333 25.695696666667
62.182283333333 25.695578333333
62.182243333333 25.695461666667
62.182198333333 25.69535
62.182145 25.69524
62.182083333333 25.695131666667
62.182025 25.69502
62.181958333333 25.694908333333
62.181896666667 25.694806666667
62.181843333333 25.6947
62.18178 25.69459
62.18172 25.694485
62.181658333333 25.694381666667
62.181591666667 25.694273333333
62.181528333333 25.694163333333
62.181468333333 25.694056666667
62.181406666667 25.69395
62.181345 25.693841666667
62.181285 25.693728333333
62.181221666667 25.693615
62.18116 25.693505
62.181096666667 25.693393333333
62.181035 25.693278333333
62.180971666667 25.693163333333
62.180906666667 25.693046666667
62.180838333333 25.69293
62.18077 25.692813333333
62.180671666667 25.692636666667
62.180605 25.692518333333
62.180535 25.692398333333
62.180466666667 25.692281666667
62.180398333333 25.692165
62.180331666667 25.692046666667
62.180263333333 25.691931666667
62.180196666667 25.691815
62.180128333333 25.691693333333
62.180056666667 25.691571666667
62.179985 25.691451666667
62.179915 25.69133
62.179845 25.691206666667
62.179773333333 25.691083333333
62.179698333333 25.690961666667
62.179548333333 25.690708333333
62.179508333333 25.690646666667
62.179435 25.690526666667
62.179361666667 25.690401666667
62.179286666667 25.690276666667
62.179206666667 25.690156666667
62.179126666667 25.690036666667
62.179055 25.689916666667
62.178936666667 25.689733333333
62.178863333333 25.689606666667
62.178825 25.689545
62.178745 25.68942
62.178668333333 25.689298333333
62.178586666667 25.689175
62.178471666667 25.688993333333
62.178388333333 25.68887
62.178343333333 25.688808333333
62.178251666667 25.68868
62.178155 25.688548333333
62.178005 25.688361666667
62.177905 25.688245
62.177855 25.688185
62.17775 25.688068333333
62.177641666667 25.687955
62.177475 25.687785
62.177416666667 25.687731666667
62.17723 25.687568333333
62.177165 25.687513333333
62.176961666667 25.687351666667
62.176825 25.687251666667
62.176685 25.687153333333
62.176538333333 25.687055
62.176465 25.687006666667
62.176318333333 25.686911666667
62.176093333333 25.686773333333
62.175943333333 25.686676666667
62.175793333333 25.68658
62.175718333333 25.686531666667
62.175566666667 25.686438333333
62.175336666667 25.686293333333
62.175188333333 25.686201666667
62.175041666667 25.686105
62.17497 25.686055
62.17475 25.685911666667
62.1746 25.685818333333
62.174448333333 25.685726666667
62.174298333333 25.685635
62.174223333333 25.685588333333
62.173998333333 25.685453333333
62.17385 25.685361666667
62.173703333333 25.685263333333
62.173556666667 25.685168333333
62.173483333333 25.685121666667
62.173336666667 25.685028333333
62.173121666667 25.684893333333
62.17298 25.684801666667
62.172838333333 25.68471
62.172766666667 25.684663333333
62.172623333333 25.684571666667
62.172413333333 25.68444
62.17227 25.684356666667
62.172128333333 25.684266666667
62.172056666667 25.684221666667
62.17184 25.684095
62.171698333333 25.684015
62.17155 25.683935
62.171405 25.683861666667
62.171333333333 25.683828333333
62.17113 25.683726666667
62.170993333333 25.683673333333
62.170863333333 25.683628333333
62.170735 25.683581666667
62.170671666667 25.683561666667
62.17049 25.68351
62.170368333333 25.68348
62.170248333333 25.683458333333
62.17013 25.683433333333
62.17007 25.68342
62.16989 25.683391666667
62.169833333333 25.683385
62.169661666667 25.683361666667
62.169538333333 25.683346666667
62.169475 25.683341666667
62.169276666667 25.683328333333
62.169143333333 25.683316666667
62.169008333333 25.683305
62.168873333333 25.683296666667
62.168806666667 25.683291666667
62.168596666667 25.683286666667
62.168458333333 25.683285
62.168315 25.683273333333
62.168166666667 25.683261666667
62.168091666667 25.683255
62.167865 25.683236666667
62.167713333333 25.683225
62.167561666667 25.683216666667
62.167411666667 25.68321
62.167336666667 25.683205
62.167106666667 25.68317
62.166953333333 25.683126666667
62.166798333333 25.683098333333
62.166646666667 25.683111666667
62.16657 25.683121666667
62.16634 25.683123333333
62.16618 25.68313
62.166018333333 25.68315
62.165843333333 25.68319
62.165753333333 25.683213333333
62.165468333333 25.683275
62.165273333333 25.683326666667
62.165071666667 25.683416666667
62.164871666667 25.683553333333
62.164773333333 25.683635
62.164485 25.683901666667
62.1643 25.684083333333
62.164116666667 25.684261666667
62.163916666667 25.684438333333
62.163811666667 25.684525
62.16348 25.684783333333
62.16325 25.684961666667
62.16302 25.685143333333
62.162788333333 25.685305
62.16267 25.685368333333
62.162298333333 25.685503333333
62.162056666667 25.685575
62.161826666667 25.685641666667
62.16162 25.685703333333
62.16152 25.68573
62.16124 25.685803333333
62.161066666667 25.68584
62.160911666667 25.685875
62.160778333333 25.68591
62.160716666667 25.685925
62.160551666667 25.68597
62.160446666667 25.686006666667
62.160336666667 25.686048333333
62.160225 25.68609
62.160163333333 25.686111666667
62.159971666667 25.686165
62.159838333333 25.686205
62.159695 25.686246666667
62.159555 25.686288333333
62.159485 25.686306666667
62.159285 25.686363333333
62.15916 25.686396666667
62.159046666667 25.68643
62.158933333333 25.686458333333
62.158876666667 25.686471666667
62.158721666667 25.68651
62.158611666667 25.68654
62.158498333333 25.686571666667
62.158383333333 25.686605
62.158325 25.686621666667
62.158145 25.68667
62.158025 25.686703333333
62.15791 25.686743333333
62.157795 25.68678
62.157738333333 25.6868
62.157576666667 25.686866666667
62.15747 25.686908333333
62.157368333333 25.686953333333
62.157268333333 25.686998333333
62.157218333333 25.687023333333
62.157073333333 25.687098333333
62.15698 25.687145
62.15689 25.687191666667
62.1568 25.68724
62.156755 25.687265
62.15664 25.687331666667
62.15657 25.687366666667
62.156491666667 25.687401666667
62.156411666667 25.687441666667
62.156283333333 25.687503333333
62.1562 25.687545
62.156155 25.687565
62.156008333333 25.687636666667
62.15591 25.687691666667
62.155805 25.68773
62.155708333333 25.687778333333
62.155661666667 25.687801666667
62.155528333333 25.687873333333
62.15544 25.687915
62.155356666667 25.687961666667
62.15527 25.688008333333
62.155138333333 25.688086666667
62.155046666667 25.688135
62.154953333333 25.688196666667
62.154858333333 25.688263333333
62.154761666667 25.68834
62.154663333333 25.68842
62.154568333333 25.68851
62.154475 25.688601666667
62.154383333333 25.688708333333
62.154291666667 25.68882
62.154205 25.688938333333
62.154123333333 25.689063333333
62.154045 25.689183333333
62.153968333333 25.689295
62.153893333333 25.689408333333
62.153813333333 25.68951
62.153735 25.689596666667
62.153656666667 25.689668333333
62.153571666667 25.689716666667
62.153473333333 25.689726666667
62.153365 25.689705
62.153258333333 25.689653333333
62.153206666667 25.689618333333
62.153066666667 25.689486666667
62.152991666667 25.68939
62.15292 25.6893
62.15285 25.689213333333
62.152781666667 25.689141666667
62.152713333333 25.689065
62.152648333333 25.688991666667
62.152586666667 25.688905
62.152516666667 25.688825
62.15245 25.688746666667
62.152381666667 25.688666666667
62.15231 25.688585
62.152238333333 25.688503333333
62.152171666667 25.688425
62.152106666667 25.688343333333
62.152035 25.68826
62.151961666667 25.688175
62.151886666667 25.688088333333
62.151815 25.688
62.151743333333 25.687916666667
62.15167 25.687831666667
62.151593333333 25.68774
62.151511666667 25.687648333333
62.151428333333 25.68755
62.15134 25.687446666667
62.151251666667 25.687338333333
62.151161666667 25.687228333333
62.15107 25.687125
62.150936666667 25.686973333333
62.150893333333 25.686925
62.150808333333 25.686828333333
62.150726666667 25.686728333333
62.150641666667 25.686633333333
62.150551666667 25.686531666667
62.150455 25.686425
62.150351666667 25.686306666667
62.15024 25.686181666667
62.150125 25.68606
62.150018333333 25.685943333333
62.14992 25.685833333333
62.149826666667 25.685733333333
62.14974 25.685633333333
62.149658333333 25.685541666667
62.149576666667 25.685451666667
62.1495 25.685368333333
62.149428333333 25.685295
62.149361666667 25.685233333333
62.1493 25.685168333333
62.149241666667 25.6851
62.149181666667 25.685028333333
62.14912 25.68496
62.149055 25.684891666667
62.14899 25.684826666667
62.148918333333 25.684745
62.148836666667 25.684658333333
62.148746666667 25.684568333333
62.148651666667 25.684468333333
62.148551666667 25.68435
62.148445 25.684231666667
62.148331666667 25.68411
62.148216666667 25.683986666667
62.1481 25.683858333333
62.147985 25.683733333333
62.14787 25.683606666667
62.147751666667 25.68348
62.147635 25.683353333333
62.14752 25.683228333333
62.147406666667 25.683106666667
62.147296666667 25.68298
62.147188333333 25.682858333333
62.147083333333 25.682738333333
62.146978333333 25.682621666667
62.146871666667 25.682501666667
62.146763333333 25.68237
62.14665 25.68222
62.146535 25.68205
62.146418333333 25.681863333333
62.146296666667 25.681665
62.146168333333 25.681448333333
62.146031666667 25.681225
62.145901666667 25.681001666667
62.145776666667 25.680781666667
62.145656666667 25.680568333333
62.145538333333 25.680363333333
62.145415 25.680156666667
62.145293333333 25.679953333333
62.145175 25.679745
62.14506 25.679541666667
62.144948333333 25.679345
62.144846666667 25.67916
62.144756666667 25.678983333333
62.144668333333 25.678816666667
62.144581666667 25.678658333333
62.144496666667 25.678511666667
62.144418333333 25.678366666667
62.144343333333 25.678223333333
62.144265 25.678086666667
62.144188333333 25.677953333333
62.144113333333 25.677821666667
62.143903333333 25.677476666667
62.143848333333 25.677383333333
62.143795 25.677288333333
62.143738333333 25.677195
62.143683333333 25.677106666667
62.143631666667 25.67702
62.143576666667 25.67693
62.14351 25.676841666667
62.143448333333 25.676748333333
62.143375 25.676651666667
62.143293333333 25.676548333333
62.143196666667 25.67643
62.143093333333 25.67631
62.142988333333 25.676185
62.142881666667 25.676055
62.142776666667 25.675928333333
62.142678333333 25.67579
62.142581666667 25.675655
62.142486666667 25.675521666667
62.142391666667 25.675385
62.1423 25.675245
62.142208333333 25.675103333333
62.142118333333 25.674975
62.142036666667 25.67485
62.141965 25.674733333333
62.141893333333 25.67463
62.141823333333 25.674545
62.141748333333 25.674468333333
62.141666666667 25.674396666667
62.141576666667 25.67435
62.141475 25.674305
62.141368333333 25.674291666667
62.141253333333 25.674305
62.141143333333 25.674331666667
62.141041666667 25.674366666667
62.140935 25.674416666667
62.14083 25.67448
62.140725 25.674555
62.140623333333 25.674636666667
62.140523333333 25.674726666667
62.140428333333 25.674815
62.140341666667 25.674898333333
62.140258333333 25.674978333333
62.140175 25.675056666667
62.14009 25.675141666667
62.140003333333 25.675216666667
62.13992 25.67528
62.139838333333 25.675333333333
62.139753333333 25.675408333333
62.139673333333 25.675493333333
62.139601666667 25.675593333333
62.139535 25.675701666667
62.139458333333 25.675801666667
62.139381666667 25.675903333333
62.139306666667 25.675993333333
62.139236666667 25.676063333333
62.13915 25.676105
62.139048333333 25.676138333333
62.138948333333 25.67616
62.138845 25.676171666667
62.138733333333 25.676175
62.138225 25.676045
62.138153333333 25.675998333333
62.138003333333 25.675891666667
62.137845 25.675768333333
62.137685 25.675638333333
62.13752 25.675518333333
62.137368333333 25.675381666667
62.137248333333 25.675218333333
62.13716 25.674983333333
62.137106666667 25.674735
62.137101666667 25.674515
62.137143333333 25.674358333333
62.13722 25.674255
62.137305 25.674155
62.13739 25.674073333333
62.137463333333 25.673996666667
62.137528333333 25.673925
62.137586666667 25.67386
62.137631666667 25.673805
62.137653333333 25.673716666667
62.137625 25.67362
62.137596666667 25.673525
62.137578333333 25.673413333333
62.13761 25.673326666667
62.137666666667 25.673265
62.137708333333 25.67319
62.137736666667 25.673106666667
62.137755 25.673015
62.137755 25.67291
62.137736666667 25.67281
62.137716666667 25.672706666667
62.137688333333 25.672598333333
62.137658333333 25.672513333333
62.137636666667 25.672413333333
62.137613333333 25.672328333333
62.13765 25.672391666667
62.137698333333 25.672423333333
62.13773 25.672546666667
62.137751666667 25.672631666667
62.13777 25.672753333333
62.137793333333 25.672885
62.137795 25.672996666667
62.137771666667 25.67309
62.137745 25.67317
62.13771 25.673245
62.137671666667 25.673301666667
62.137625 25.673346666667
62.137578333333 25.67339
62.137535 25.673433333333
62.137486666667 25.673486666667
62.13743 25.673546666667
62.137371666667 25.673615
62.13731 25.673678333333
62.137223333333 25.673765
62.137125 25.673863333333
62.137028333333 25.67395
62.13693 25.674028333333
62.136828333333 25.674108333333
62.136725 25.674181666667
62.13662 25.674238333333
62.136511666667 25.674291666667
62.136408333333 25.67434
62.136303333333 25.674386666667
62.136198333333 25.674438333333
62.136086666667 25.674475
62.135973333333 25.674523333333
62.135865 25.674598333333
62.135756666667 25.674636666667
62.135645 25.674643333333
62.135531666667 25.674638333333
62.13542 25.674623333333
62.13531 25.674603333333
62.135191666667 25.674593333333
62.135071666667 25.674593333333
62.134951666667 25.6746
62.134833333333 25.674613333333
62.134718333333 25.674626666667
62.134606666667 25.674633333333
62.134495 25.674638333333
62.134388333333 25.67463
62.134285 25.6746
62.134178333333 25.674581666667
62.134071666667 25.674558333333
62.133963333333 25.674495
62.133853333333 25.674421666667
62.133738333333 25.674368333333
62.133618333333 25.674326666667
62.133496666667 25.674295
62.133375 25.67427
62.133255 25.674255
62.133138333333 25.674243333333
62.133016666667 25.674196666667
62.132891666667 25.674138333333
62.132766666667 25.674066666667
62.132645 25.673985
62.132526666667 25.673901666667
62.132411666667 25.673813333333
62.1323 25.673711666667
62.132188333333 25.673603333333
62.132073333333 25.6735
62.131963333333 25.673383333333
62.131858333333 25.673266666667
62.131756666667 25.673146666667
62.131658333333 25.673028333333
62.131565 25.672908333333
62.131473333333 25.672788333333
62.13138 25.672666666667
62.13129 25.672546666667
62.131203333333 25.672425
62.131118333333 25.672296666667
62.13104 25.672161666667
62.13096 25.672033333333
62.130878333333 25.671893333333
62.130803333333 25.671733333333
62.13073 25.671568333333
62.130665 25.671403333333
62.130611666667 25.671221666667
62.130558333333 25.671025
62.130501666667 25.670836666667
62.130451666667 25.67065
62.130403333333 25.670471666667
62.13036 25.670296666667
62.130316666667 25.670121666667
62.130275 25.669945
62.13023 25.669755
62.130193333333 25.669553333333
62.130161666667 25.669353333333
62.130135 25.66916
62.130105 25.668981666667
62.130071666667 25.668826666667
62.130038333333 25.668676666667
62.130008333333 25.668525
62.129971666667 25.668376666667
62.129935 25.668231666667
62.12989 25.668091666667
62.129836666667 25.667948333333
62.129766666667 25.667796666667
62.129688333333 25.66763
62.129616666667 25.667455
62.129553333333 25.667265
62.12947 25.667023333333
62.129368333333 25.666771666667
62.129261666667 25.666565
62.129163333333 25.666406666667
62.129075 25.666293333333
62.128998333333 25.666201666667
62.128925 25.666118333333
62.128845 25.666051666667
62.128763333333 25.665993333333
62.128681666667 25.665936666667
62.128608333333 25.665901666667
62.128561666667 25.665903333333
62.128503333333 25.665906666667
62.128431666667 25.66594
62.128325 25.665905
62.128216666667 25.665856666667
62.128105 25.665805
62.127996666667 25.665755
62.127895 25.665711666667
62.127795 25.665673333333
62.127696666667 25.665638333333
62.127603333333 25.665608333333
62.12751 25.665588333333
62.127413333333 25.665583333333
62.127315 25.665593333333
62.12721 25.66563
62.127098333333 25.665693333333
62.126976666667 25.66578
62.126851666667 25.665873333333
62.126718333333 25.665973333333
62.126581666667 25.666066666667
62.126445 25.666145
62.126313333333 25.66621
62.12619 25.666258333333
62.126068333333 25.666298333333
62.125943333333 25.666326666667
62.125813333333 25.66635
62.125685 25.66636
62.125556666667 25.666361666667
62.125443333333 25.666348333333
62.125345 25.666326666667
62.12526 25.666308333333
62.125188333333 25.666355
62.125113333333 25.666423333333
62.125021666667 25.666406666667
62.12493 25.66635
62.124836666667 25.666296666667
62.12475 25.666238333333
62.12466 25.666178333333
62.124565 25.666118333333
62.124475 25.666053333333
62.124381666667 25.66599
62.124285 25.665923333333
62.12418 25.66586
62.124068333333 25.665795
62.123953333333 25.665731666667
62.123845 25.66567
62.123745 25.665623333333
62.123651666667 25.66559
62.123566666667 25.66556
62.123488333333 25.665533333333
62.123401666667 25.665515
62.123308333333 25.665493333333
62.123208333333 25.665473333333
62.123105 25.665455
62.122998333333 25.665448333333
62.122888333333 25.665468333333
62.122775 25.66551
62.122658333333 25.665558333333
62.122538333333 25.665606666667
62.12241 25.66565
62.12228 25.665678333333
62.122143333333 25.665698333333
62.122006666667 25.665715
62.12187 25.665735
62.121738333333 25.66574
62.121605 25.665731666667
62.121475 25.665716666667
62.121346666667 25.6657
62.121225 25.665663333333
62.121101666667 25.66562
62.120973333333 25.665575
62.120843333333 25.665525
62.12072 25.665465
62.120601666667 25.665401666667
62.120488333333 25.665338333333
62.120376666667 25.665283333333
62.120266666667 25.665228333333
62.120155 25.66518
62.12004 25.665153333333
62.119923333333 25.665136666667
62.11981 25.665133333333
62.119703333333 25.665138333333
62.119598333333 25.665156666667
62.119488333333 25.665185
62.119373333333 25.665221666667
62.119255 25.665263333333
62.11907 25.665328333333
62.119006666667 25.665348333333
62.118871666667 25.665385
62.118728333333 25.66541
62.118583333333 25.665413333333
62.118435 25.665401666667
62.118283333333 25.665383333333
62.11813 25.66535
62.117981666667 25.665295
62.117836666667 25.665238333333
62.117698333333 25.665168333333
62.117563333333 25.66509
62.117428333333 25.66499
62.117321666667 25.664878333333
62.117205 25.66476
62.117091666667 25.66464
62.116975 25.664516666667
62.116858333333 25.664395
62.116748333333 25.664283333333
62.116646666667 25.664175
62.11656 25.664048333333
62.116478333333 25.663905
62.116391666667 25.663765
62.116301666667 25.663635
62.116211666667 25.663508333333
62.116126666667 25.663381666667
62.116045 25.663265
62.115966666667 25.663146666667
62.115895 25.663018333333
62.115818333333 25.662906666667
62.115741666667 25.662803333333
62.115666666667 25.662686666667
62.115593333333 25.66257
62.115518333333 25.662446666667
62.115441666667 25.662325
62.115363333333 25.662195
62.115283333333 25.66207
62.115206666667 25.661943333333
62.11513 25.661818333333
62.115055 25.66169
62.114976666667 25.661555
62.1149 25.66142
62.114825 25.661293333333
62.11475 25.661163333333
62.114675 25.66103
62.114596666667 25.660893333333
62.114521666667 25.660753333333
62.114448333333 25.660613333333
62.114378333333 25.660473333333
62.114308333333 25.660336666667
62.11424 25.6602
62.11417 25.660065
62.114096666667 25.659923333333
62.114028333333 25.659785
62.113956666667 25.659641666667
62.113881666667 25.659503333333
62.113808333333 25.659363333333
62.113735 25.659213333333
62.113653333333 25.659065
62.113576666667 25.65891
62.113495 25.658751666667
62.113415 25.6586
62.113336666667 25.658456666667
62.113241666667 25.658348333333
62.11314 25.65825
62.113035 25.658171666667
62.112936666667 25.658113333333
62.112838333333 25.658055
62.112731666667 25.657988333333
62.112625 25.657898333333
62.112518333333 25.657793333333
62.112413333333 25.657661666667
62.112313333333 25.657501666667
62.112226666667 25.65733
62.112145 25.657151666667
62.112066666667 25.656971666667
62.111985 25.656795
62.111903333333 25.656626666667
62.111803333333 25.656486666667
62.111688333333 25.65639
62.111565 25.656311666667
62.11144 25.656236666667
62.111318333333 25.65616
62.111195 25.656086666667
62.111071666667 25.656011666667
62.110945 25.65595
62.110816666667 25.655896666667
62.110683333333 25.65586
62.110545 25.655841666667
62.110401666667 25.65585
62.110255 25.655868333333
62.110105 25.655888333333
62.109955 25.655888333333
62.109806666667 25.655858333333
62.109665 25.65581
62.109521666667 25.655765
62.109386666667 25.655685
62.109258333333 25.655581666667
62.109133333333 25.65548
62.109006666667 25.655395
62.108876666667 25.655313333333
62.10875 25.65523
62.108625 25.655158333333
62.108503333333 25.655085
62.10838 25.655013333333
62.108253333333 25.654933333333
62.108128333333 25.654858333333
62.108006666667 25.654786666667
62.107888333333 25.65472
62.107771666667 25.654651666667
62.107656666667 25.654585
62.107538333333 25.654501666667
62.107416666667 25.654381666667
62.107295 25.65425
62.107181666667 25.654108333333
62.107071666667 25.653966666667
62.106963333333 25.653825
62.106853333333 25.653693333333
62.106745 25.653566666667
62.106633333333 25.653433333333
62.106523333333 25.653296666667
62.106415 25.65316
62.106316666667 25.653015
62.106233333333 25.652853333333
62.106151666667 25.652711666667
62.106066666667 25.652598333333
62.10598 25.652493333333
62.105886666667 25.652405
62.105788333333 25.652355
62.105688333333 25.652285
62.105591666667 25.652171666667
62.1055 25.652038333333
62.105421666667 25.651886666667
62.105351666667 25.651741666667
62.105268333333 25.65162
62.105178333333 25.6515
62.10508 25.651383333333
62.104985 25.651268333333
62.10489 25.651155
62.104793333333 25.65104
62.1047 25.650925
62.104605 25.650811666667
62.104508333333 25.650703333333
62.104405 25.650611666667
62.104295 25.650525
62.104193333333 25.650411666667
62.104098333333 25.650285
62.104005 25.65016
62.103911666667 25.650041666667
62.103816666667 25.649931666667
62.103725 25.649823333333
62.103636666667 25.649716666667
62.103551666667 25.649616666667
62.103473333333 25.64952
62.103393333333 25.64942
62.103315 25.649321666667
62.103235 25.649221666667
62.103151666667 25.64912
62.103063333333 25.649018333333
62.102975 25.648911666667
62.102888333333 25.648808333333
62.102801666667 25.648706666667
62.102715 25.648598333333
62.102631666667 25.648493333333
62.102556666667 25.648378333333
62.102495 25.648241666667
62.10246 25.648073333333
62.10244 25.647888333333
62.102433333333 25.647676666667
62.102456666667 25.647461666667
62.102488333333 25.647253333333
62.102521666667 25.647041666667
62.102553333333 25.646833333333
62.102581666667 25.646628333333
62.102611666667 25.646423333333
62.10264 25.646221666667
62.102668333333 25.646025
62.102691666667 25.64585
62.102726666667 25.64568
62.102756666667 25.645506666667
62.102785 25.645336666667
62.102811666667 25.645163333333
62.102835 25.644991666667
62.10286 25.64482
62.10289 25.644635
62.102916666667 25.644441666667
62.10295 25.64424
62.102983333333 25.644026666667
62.103015 25.643828333333
62.103043333333 25.643655
62.103063333333 25.64349
62.103073333333 25.643323333333
62.103086666667 25.643156666667
62.10311 25.642995
62.10314 25.642843333333
62.103171666667 25.64272
62.103203333333 25.642636666667
62.103236666667 25.642535
62.103258333333 25.642431666667
62.103266666667 25.642321666667
62.103281666667 25.642223333333
62.103315 25.642125
62.103371666667 25.642076666667
62.103428333333 25.642021666667
62.103473333333 25.64196
62.103535 25.641943333333
62.103588333333 25.641966666667
62.10366 25.641986666667
62.103738333333 25.641998333333
62.103815 25.642026666667
62.103885 25.642071666667
62.103955 25.642125
62.104028333333 25.642178333333
62.104103333333 25.64223
62.10418 25.642275
62.104253333333 25.642296666667
62.104325 25.6423
62.104395 25.64229
62.104463333333 25.64226
62.10453 25.642213333333
62.104593333333 25.642155
62.104646666667 25.642093333333
62.104696666667 25.642043333333
62.10474 25.641996666667
62.104786666667 25.64197
62.10484 25.641956666667
62.104886666667 25.641898333333
62.104916666667 25.64178
62.104895 25.641645
62.104836666667 25.64155
62.104775 25.64147
62.104715 25.641388333333
62.104648333333 25.641306666667
62.104581666667 25.641218333333
62.104516666667 25.641126666667
62.104455 25.641026666667
62.104398333333 25.640928333333
62.104345 25.640835
62.104296666667 25.640755
62.104251666667 25.64069
62.10421 25.640631666667
62.104153333333 25.640565
62.104091666667 25.640518333333
62.10403 25.64046
62.103983333333 25.640408333333
62.103933333333 25.640343333333
62.103878333333 25.640268333333
62.10382 25.640191666667
62.103765 25.640115
62.103711666667 25.640041666667
62.103656666667 25.639968333333
62.103598333333 25.639883333333
62.10353 25.63979
62.103456666667 25.639691666667
62.103383333333 25.639598333333
62.103308333333 25.639501666667
62.10323 25.639395
62.103155 25.63929
62.103081666667 25.639195
62.103016666667 25.639105
62.102955 25.639021666667
62.102895 25.638938333333
62.10283 25.638855
62.102766666667 25.638768333333
62.102705 25.638685
62.102643333333 25.638601666667
62.102581666667 25.638516666667
62.102513333333 25.638425
62.102446666667 25.638335
62.10238 25.638245
62.102315 25.638155
62.10225 25.63807
62.102186666667 25.637981666667
62.10212 25.637895
62.102051666667 25.637803333333
62.101981666667 25.63771
62.101911666667 25.637615
62.101841666667 25.637516666667
62.101771666667 25.637416666667
62.101696666667 25.637325
62.101625 25.637233333333
62.101556666667 25.637146666667
62.101485 25.637046666667
62.101405 25.636938333333
62.101323333333 25.636828333333
62.10124 25.636718333333
62.101158333333 25.636611666667
62.101076666667 25.636503333333
62.100995 25.636391666667
62.10091 25.636276666667
62.100821666667 25.636158333333
62.100731666667 25.636038333333
62.100636666667 25.635915
62.10054 25.635785
62.100441666667 25.63565
62.100343333333 25.635518333333
62.100243333333 25.635381666667
62.100143333333 25.635248333333
62.100045 25.635116666667
62.099948333333 25.634986666667
62.099851666667 25.63486
62.099756666667 25.634726666667
62.099658333333 25.634595
62.099563333333 25.634465
62.099468333333 25.634338333333
62.099376666667 25.634213333333
62.099288333333 25.634095
62.099203333333 25.633978333333
62.09912 25.63387
62.09904 25.63376
62.09896 25.633653333333
62.098878333333 25.633543333333
62.098798333333 25.633436666667
62.09872 25.63333
62.09864 25.633223333333
62.098561666667 25.633115
62.098486666667 25.633011666667
62.09841 25.63291
62.098335 25.632806666667
62.09826 25.632705
62.098185 25.632605
62.09811 25.632505
62.098035 25.632405
62.097963333333 25.632306666667
62.09789 25.632208333333
62.097815 25.632106666667
62.097736666667 25.632001666667
62.097658333333 25.631891666667
62.097576666667 25.631783333333
62.097496666667 25.631671666667
62.097416666667 25.631565
62.097333333333 25.631456666667
62.097248333333 25.631336666667
62.09716 25.631216666667
62.097073333333 25.631098333333
62.096986666667 25.630985
62.096901666667 25.630868333333
62.096815 25.630751666667
62.096726666667 25.630635
62.096638333333 25.630515
62.09655 25.630393333333
62.09646 25.630268333333
62.09637 25.630146666667
62.096278333333 25.630015
62.096185 25.629883333333
62.096091666667 25.62975
62.095996666667 25.629613333333
62.095901666667 25.629473333333
62.095808333333 25.62933
62.095713333333 25.629185
62.095618333333 25.62904
62.095525 25.628891666667
62.095428333333 25.628738333333
62.095331666667 25.628583333333
62.095235 25.628426666667
62.095136666667 25.628261666667
62.09504 25.628091666667
62.094941666667 25.627913333333
62.094841666667 25.627736666667
62.094741666667 25.62756
62.094641666667 25.627385
62.094543333333 25.627213333333
62.094445 25.627041666667
62.09435 25.626861666667
62.094253333333 25.626681666667
62.094158333333 25.626508333333
62.094063333333 25.626336666667
62.093971666667 25.626161666667
62.093878333333 25.625986666667
62.093785 25.625813333333
62.093691666667 25.625638333333
62.093598333333 25.625461666667
62.093503333333 25.62528
62.093403333333 25.625096666667
62.093301666667 25.62491
62.093203333333 25.624721666667
62.093103333333 25.62453
62.093003333333 25.624345
62.092906666667 25.62416
62.092806666667 25.623968333333
62.092703333333 25.623776666667
62.092601666667 25.623585
62.092501666667 25.623396666667
62.092401666667 25.62321
62.092303333333 25.623025
62.092205 25.622845
62.092108333333 25.622663333333
62.092013333333 25.622486666667
62.091923333333 25.622313333333
62.091831666667 25.622143333333
62.09174 25.62197
62.091646666667 25.621798333333
62.091558333333 25.62163
62.09147 25.621466666667
62.091386666667 25.621308333333
62.091305 25.621158333333
62.091228333333 25.621008333333
62.09115 25.620861666667
62.091075 25.620706666667
62.09101 25.620533333333
62.09094 25.620381666667
62.090868333333 25.620245
62.090801666667 25.620118333333
62.090735 25.619998333333
62.090671666667 25.619876666667
62.090606666667 25.619756666667
62.090543333333 25.619636666667
62.09048 25.61952
62.090418333333 25.619406666667
62.090356666667 25.619286666667
62.090295 25.619175
62.090238333333 25.619063333333
62.09018 25.61895
62.090123333333 25.618838333333
62.090066666667 25.618731666667
62.09001 25.618628333333
62.089955 25.618526666667
62.0899 25.618421666667
62.089845 25.618321666667
62.089793333333 25.618225
62.089741666667 25.618128333333
62.089691666667 25.618031666667
62.089641666667 25.61794
62.08959 25.617848333333
62.089538333333 25.617753333333
62.089485 25.61766
62.089431666667 25.617566666667
62.089378333333 25.617478333333
62.089325 25.617386666667
62.089273333333 25.617298333333
62.089218333333 25.617205
62.089163333333 25.61711
62.08911 25.617015
62.089056666667 25.616923333333
62.089001666667 25.616828333333
62.088948333333 25.616728333333
62.088893333333 25.616628333333
62.088836666667 25.61653
62.088785 25.616433333333
62.088735 25.616338333333
62.088683333333 25.616241666667
62.088631666667 25.616146666667
62.088581666667 25.616056666667
62.08853 25.615958333333
62.088475 25.615858333333
62.08842 25.615758333333
62.088368333333 25.615661666667
62.088318333333 25.61557
62.08827 25.615475
62.088218333333 25.615375
62.088166666667 25.615271666667
62.088116666667 25.615171666667
62.088061666667 25.615078333333
62.088006666667 25.614981666667
62.087955 25.614883333333
62.087905 25.61479
62.087853333333 25.6147
62.087801666667 25.614606666667
62.08775 25.614511666667
62.087696666667 25.614416666667
62.087643333333 25.614325
62.087591666667 25.614235
62.087538333333 25.614145
62.087483333333 25.614056666667
62.08743 25.613963333333
62.087373333333 25.613868333333
62.087313333333 25.613778333333
62.087255 25.613686666667
62.087195 25.613596666667
62.087135 25.613505
62.087073333333 25.613413333333
62.087008333333 25.613318333333
62.086943333333 25.613228333333
62.08688 25.613138333333
62.086813333333 25.613048333333
62.086748333333 25.612961666667
62.086681666667 25.612873333333
62.086611666667 25.612786666667
62.086541666667 25.612696666667
62.086466666667 25.612606666667
62.086393333333 25.612515
62.08632 25.612428333333
62.086243333333 25.612341666667
62.086165 25.612253333333
62.086088333333 25.612171666667
62.086013333333 25.61209
62.085936666667 25.612013333333
62.085861666667 25.611936666667
62.085783333333 25.61186
62.085708333333 25.611788333333
62.08563 25.61172
62.085546666667 25.611643333333
62.085463333333 25.61157
62.085378333333 25.611501666667
62.085293333333 25.611431666667
62.085208333333 25.611363333333
62.08512 25.611296666667
62.085033333333 25.611231666667
62.084943333333 25.611166666667
62.084855 25.611103333333
62.084763333333 25.611045
62.084671666667 25.610986666667
62.08458 25.610928333333
62.084486666667 25.610873333333
62.084393333333 25.610818333333
62.084298333333 25.610771666667
62.084205 25.610725
62.084106666667 25.610675
62.084005 25.610625
62.083903333333 25.610578333333
62.083796666667 25.610535
62.083688333333 25.610491666667
62.083576666667 25.610451666667
62.083463333333 25.610413333333
62.083343333333 25.610375
62.083223333333 25.610341666667
62.083101666667 25.61031
62.08298 25.610283333333
62.082858333333 25.610261666667
62.082736666667 25.610241666667
62.082616666667 25.610228333333
62.082495 25.610216666667
62.082373333333 25.61021
62.082251666667 25.610203333333
62.082131666667 25.6102
62.082016666667 25.610198333333
62.081905 25.610193333333
62.081795 25.61019
62.081688333333 25.610185
62.081586666667 25.610181666667
62.081496666667 25.61018
62.08141 25.610175
62.081326666667 25.610171666667
62.081245 25.610166666667
62.081163333333 25.610161666667
62.081083333333 25.610156666667
62.081003333333 25.610151666667
62.080923333333 25.610148333333
62.080841666667 25.610143333333
62.08076 25.610138333333
62.08068 25.610131666667
62.080598333333 25.610126666667
62.08052 25.610121666667
62.08044 25.610115
62.08036 25.61011
62.080278333333 25.610101666667
62.080196666667 25.610093333333
62.080115 25.61009
62.080036666667 25.610083333333
62.079955 25.610076666667
62.079875 25.610071666667
62.079793333333 25.610065
62.07971 25.61006
62.079625 25.610056666667
62.079541666667 25.61005
62.079458333333 25.610046666667
62.079376666667 25.610041666667
62.079295 25.610038333333
62.079213333333 25.610035
62.079133333333 25.610028333333
62.079048333333 25.610021666667
62.078961666667 25.610013333333
62.078876666667 25.610005
62.078795 25.609998333333
62.078711666667 25.609993333333
62.078625 25.609985
62.07854 25.609968333333
62.078456666667 25.609956666667
62.078368333333 25.609941666667
62.078275 25.609928333333
62.07818 25.609911666667
62.078085 25.609893333333
62.077991666667 25.609873333333
62.077896666667 25.609851666667
62.0778 25.609826666667
62.077705 25.609801666667
62.077608333333 25.609773333333
62.077508333333 25.609745
62.07741 25.609715
62.07731 25.609683333333
62.07721 25.609648333333
62.07711 25.609613333333
62.07701 25.609571666667
62.07691 25.60953
62.076805 25.60949
62.076698333333 25.609441666667
62.076593333333 25.609385
62.076485 25.609325
62.076371666667 25.609258333333
62.076258333333 25.609193333333
62.076145 25.609153333333
62.076031666667 25.609121666667
62.075916666667 25.609065
62.075801666667 25.608998333333
62.075686666667 25.60893
62.075571666667 25.608861666667
62.07545 25.60879
62.075321666667 25.608706666667
62.075188333333 25.608621666667
62.075055 25.60853
62.074925 25.608436666667
62.07479 25.608338333333
62.074648333333 25.608228333333
62.074501666667 25.608111666667
62.074348333333 25.607985
62.07419 25.60785
62.074025 25.607706666667
62.073856666667 25.607551666667
62.073688333333 25.607386666667
62.073518333333 25.60722
62.073346666667 25.607043333333
62.073176666667 25.606858333333
62.073005 25.606665
62.072833333333 25.606465
62.072668333333 25.606268333333
62.072511666667 25.606078333333
62.07236 25.605883333333
62.072211666667 25.605686666667
62.072066666667 25.605493333333
62.071926666667 25.605303333333
62.071786666667 25.605108333333
62.071636666667 25.604903333333
62.071481666667 25.60469
62.071326666667 25.604476666667
62.071178333333 25.604271666667
62.071033333333 25.604076666667
62.070895 25.603886666667
62.070761666667 25.603705
62.070635 25.60353
62.070516666667 25.603366666667
62.070401666667 25.603208333333
62.070285 25.603051666667
62.07017 25.6029
62.070061666667 25.60275
62.069953333333 25.602606666667
62.069848333333 25.60247
62.069745 25.602333333333
62.069643333333 25.602208333333
62.06954 25.602081666667
62.069436666667 25.601956666667
62.069331666667 25.60183
62.069225 25.601706666667
62.069116666667 25.601581666667
62.069005 25.601453333333
62.06889 25.601326666667
62.068773333333 25.601196666667
62.068655 25.60107
62.068538333333 25.600945
62.068418333333 25.600825
62.0683 25.600705
62.068185 25.60059
62.068065 25.600476666667
62.067943333333 25.60036
62.067818333333 25.600248333333
62.067693333333 25.600136666667
62.067566666667 25.600026666667
62.067438333333 25.599915
62.067306666667 25.599803333333
62.06717 25.599691666667
62.067033333333 25.599581666667
62.06689 25.599473333333
62.066746666667 25.599365
62.0666 25.59926
62.06645 25.599153333333
62.066295 25.599046666667
62.066055 25.598896666667
62.065973333333 25.598846666667
62.065805 25.598745
62.065628333333 25.598646666667
62.065443333333 25.598546666667
62.065248333333 25.598443333333
62.065045 25.598343333333
62.064835 25.598246666667
62.064623333333 25.598153333333
62.064295 25.598023333333
62.064185 25.597983333333
62.063965 25.597908333333
62.06375 25.597843333333
62.06354 25.597781666667
62.063338333333 25.597736666667
62.06314 25.597693333333
62.062948333333 25.597661666667
62.06276 25.597636666667
62.062583333333 25.597615
62.062413333333 25.597591666667
62.062251666667 25.597573333333
62.062095 25.597558333333
62.061943333333 25.597543333333
62.0618 25.597535
62.061665 25.597536666667
62.061533333333 25.597535
62.061401666667 25.597526666667
62.061275 25.59752
62.061151666667 25.597515
62.061035 25.597546666667
62.060923333333 25.597573333333
62.060815 25.59759
62.06071 25.597608333333
62.060601666667 25.597625
62.060493333333 25.59764
62.060386666667 25.597656666667
62.060281666667 25.597681666667
62.060173333333 25.597703333333
62.060065 25.597726666667
62.059956666667 25.597755
62.05985 25.597786666667
62.059738333333 25.59782
62.059625 25.597856666667
62.059513333333 25.597895
62.059403333333 25.597941666667
62.059293333333 25.597986666667
62.059183333333 25.59803
62.059075 25.598071666667
62.05897 25.598113333333
62.058866666667 25.598153333333
62.05876 25.598198333333
62.058651666667 25.598251666667
62.058543333333 25.5983
62.058438333333 25.598348333333
62.058335 25.598395
62.05823 25.598443333333
62.058126666667 25.598493333333
62.058025 25.598541666667
62.057923333333 25.598593333333
62.05782 25.59865
62.057713333333 25.598705
62.057606666667 25.598765
62.0575 25.598825
62.057391666667 25.598881666667
62.057281666667 25.598943333333
62.057173333333 25.599005
62.057063333333 25.599065
62.056953333333 25.599126666667
62.056841666667 25.599188333333
62.05673 25.599253333333
62.056616666667 25.599318333333
62.056505 25.599378333333
62.05639 25.599441666667
62.056273333333 25.599508333333
62.056156666667 25.599575
62.056041666667 25.59964
62.05593 25.599703333333
62.05582 25.599761666667
62.055708333333 25.599825
62.055595 25.599886666667
62.055483333333 25.599948333333
62.055373333333 25.60001
62.055266666667 25.600071666667
62.055158333333 25.600133333333
62.054995 25.600226666667
62.05494 25.600255
62.054831666667 25.600315
62.054725 25.600373333333
62.054615 25.600435
62.054503333333 25.600496666667
62.054395 25.600558333333
62.054281666667 25.600621666667
62.054168333333 25.600686666667
62.054055 25.600748333333
62.053945 25.600811666667
62.053835 25.600871666667
62.053726666667 25.600931666667
62.053616666667 25.600996666667
62.053508333333 25.601058333333
62.053398333333 25.6011
62.053293333333 25.601143333333
62.053191666667 25.601196666667
62.05309 25.601256666667
62.052985 25.601333333333
62.052878333333 25.60141
62.052768333333 25.601473333333
62.052658333333 25.601533333333
62.05255 25.601591666667
62.052441666667 25.601651666667
62.052333333333 25.601711666667
62.052221666667 25.601775
62.052111666667 25.601836666667
62.052003333333 25.601893333333
62.051895 25.601948333333
62.051788333333 25.602011666667
62.051683333333 25.602071666667
62.05158 25.602128333333
62.051468333333 25.602186666667
62.051358333333 25.602246666667
62.051246666667 25.602308333333
62.051136666667 25.602366666667
62.051026666667 25.602425
62.050916666667 25.602485
62.050806666667 25.602546666667
62.050696666667 25.602611666667
62.050585 25.602671666667
62.050473333333 25.602733333333
62.050365 25.6028
62.050255 25.602858333333
62.050145 25.602921666667
62.050035 25.602985
62.049925 25.603046666667
62.049815 25.603106666667
62.049706666667 25.60317
62.049598333333 25.60323
62.049488333333 25.60329
62.049378333333 25.603348333333
62.049266666667 25.603411666667
62.049158333333 25.603475
62.049048333333 25.603536666667
62.04894 25.6036
62.04883 25.603663333333
62.048718333333 25.603725
62.048608333333 25.603788333333
62.048496666667 25.603853333333
62.048386666667 25.603913333333
62.048275 25.603975
62.048163333333 25.604036666667
62.048051666667 25.604101666667
62.047935 25.604168333333
62.047821666667 25.604231666667
62.04771 25.604296666667
62.047598333333 25.60436
62.047486666667 25.604425
62.047373333333 25.604486666667
62.047258333333 25.604551666667
62.047143333333 25.604618333333
62.047028333333 25.604683333333
62.046911666667 25.604748333333
62.046795 25.604813333333
62.04668 25.604878333333
62.046563333333 25.604941666667
62.04645 25.605006666667
62.046335 25.605073333333
62.04622 25.605136666667
62.046105 25.605201666667
62.045991666667 25.605263333333
62.045878333333 25.605321666667
62.045765 25.605381666667
62.045651666667 25.60545
62.04554 25.605511666667
62.045428333333 25.605573333333
62.045316666667 25.605638333333
62.045206666667 25.605701666667
62.045098333333 25.605765
62.044986666667 25.60583
62.044881666667 25.605878333333
62.044775 25.605938333333
62.044666666667 25.605995
62.04456 25.606045
62.044453333333 25.6061
62.044345 25.606143333333
62.044235 25.606196666667
62.044126666667 25.606245
62.044025 25.606295
62.043918333333 25.606346666667
62.043821666667 25.606385
62.04373 25.60641
62.043633333333 25.606441666667
62.043531666667 25.606481666667
62.043435 25.606518333333
62.043338333333 25.606546666667
62.043236666667 25.606588333333
62.04314 25.606621666667
62.043045 25.60665
62.04295 25.60668
62.042853333333 25.60671
62.042755 25.606735
62.04266 25.606753333333
62.042563333333 25.606771666667
62.042463333333 25.606796666667
62.042365 25.606816666667
62.042265 25.606845
62.042168333333 25.606858333333
62.042063333333 25.606881666667
62.04196 25.606895
62.04186 25.6069
62.041758333333 25.606905
62.04165 25.606915
62.041538333333 25.606921666667
62.041426666667 25.606926666667
62.041316666667 25.606928333333
62.041206666667 25.606926666667
62.041096666667 25.606928333333
62.04098 25.606925
62.04086 25.606918333333
62.040738333333 25.60691
62.04061 25.6069
62.040478333333 25.606885
62.040341666667 25.606868333333
62.0402 25.606843333333
62.040055 25.606816666667
62.039908333333 25.606785
62.039763333333 25.606751666667
62.039621666667 25.606715
62.039486666667 25.606676666667
62.039356666667 25.606633333333
62.039231666667 25.606588333333
62.039106666667 25.606541666667
62.038978333333 25.606491666667
62.03885 25.606438333333
62.038721666667 25.606383333333
62.038593333333 25.606325
62.038468333333 25.606265
62.038343333333 25.606205
62.038221666667 25.606141666667
62.038103333333 25.606078333333
62.037986666667 25.606005
62.037873333333 25.605925
62.037756666667 25.605845
62.037646666667 25.605771666667
62.037538333333 25.605696666667
62.037428333333 25.605631666667
62.037316666667 25.605563333333
62.037203333333 25.605481666667
62.03709 25.605393333333
62.036976666667 25.605305
62.036863333333 25.605215
62.03675 25.605123333333
62.036641666667 25.605028333333
62.036536666667 25.604935
62.036431666667 25.604843333333
62.036328333333 25.60475
62.036223333333 25.604653333333
62.036118333333 25.604555
62.036013333333 25.604456666667
62.035906666667 25.60436
62.0358 25.604265
62.035691666667 25.604163333333
62.035585 25.604058333333
62.035476666667 25.60396
62.035368333333 25.60386
62.03526 25.603758333333
62.035151666667 25.60366
62.035045 25.603561666667
62.034936666667 25.603461666667
62.03483 25.603361666667
62.034721666667 25.603261666667
62.034613333333 25.603161666667
62.034501666667 25.60306
62.03439 25.602958333333
62.034283333333 25.60286
62.034178333333 25.602758333333
62.03407 25.602655
62.03396 25.60255
62.033851666667 25.602446666667
62.033748333333 25.602343333333
62.033651666667 25.602243333333
62.033556666667 25.602143333333
62.033461666667 25.602043333333
62.033368333333 25.601941666667
62.033276666667 25.601843333333
62.03319 25.601755
62.033106666667 25.601666666667
62.033028333333 25.601586666667
62.032953333333 25.601511666667
62.032881666667 25.601433333333
62.032808333333 25.601366666667
62.032728333333 25.601308333333
62.032635 25.601243333333
62.032523333333 25.601161666667
62.0324 25.60113
62.032295 25.601248333333
62.032233333333 25.601465
62.032193333333 25.601685
62.032163333333 25.60186
62.03214 25.601965
62.032101666667 25.602038333333
62.032051666667 25.602021666667
62.032018333333 25.601956666667
62.032061666667 25.602041666667
62.032091666667 25.602168333333
62.032088333333 25.602273333333
62.032076666667 25.602381666667
62.032063333333 25.602491666667
62.032046666667 25.60261
62.032026666667 25.602716666667
62.032001666667 25.60283
62.03198 25.602965
62.031956666667 25.603108333333
62.03193 25.603251666667
62.031898333333 25.603376666667
62.031868333333 25.603521666667
62.031843333333 25.60368
62.031815 25.603845
62.031783333333 25.60402
62.031745 25.604213333333
62.031706666667 25.604411666667
62.031668333333 25.604613333333
62.03163 25.604808333333
62.031593333333 25.604996666667
62.03156 25.605168333333
62.03153 25.605328333333
62.031498333333 25.60549
62.031465 25.60566
62.031431666667 25.605826666667
62.0314 25.605986666667
62.03137 25.606146666667
62.031338333333 25.606303333333
62.031308333333 25.606463333333
62.03128 25.606606666667
62.031253333333 25.606753333333
62.031225 25.606905
62.031195 25.607056666667
62.031166666667 25.607203333333
62.03114 25.607341666667
62.031113333333 25.607476666667
62.031088333333 25.607613333333
62.031063333333 25.607748333333
62.031036666667 25.60788
62.031013333333 25.608006666667
62.030988333333 25.60813
62.030961666667 25.608256666667
62.030935 25.608396666667
62.03091 25.608535
62.030883333333 25.608675
62.030853333333 25.608813333333
62.030825 25.608953333333
62.030796666667 25.609093333333
62.030766666667 25.609238333333
62.030738333333 25.60938
62.030706666667 25.60952
62.030678333333 25.609665
62.030648333333 25.609808333333
62.030618333333 25.60995
62.030588333333 25.610088333333
62.030561666667 25.610228333333
62.030535 25.610371666667
62.030506666667 25.610516666667
62.030476666667 25.610658333333
62.030446666667 25.610811666667
62.030418333333 25.610968333333
62.030381666667 25.611121666667
62.030343333333 25.611266666667
62.030308333333 25.611426666667
62.030273333333 25.611588333333
62.030233333333 25.611753333333
62.0302 25.611928333333
62.030166666667 25.612108333333
62.030133333333 25.6123
62.0301 25.612481666667
62.03006 25.612673333333
62.030025 25.612871666667
62.029991666667 25.613068333333
62.029953333333 25.613265
62.029915 25.613466666667
62.029873333333 25.61367
62.029836666667 25.613876666667
62.029796666667 25.614083333333
62.029756666667 25.614293333333
62.029711666667 25.614508333333
62.029666666667 25.614731666667
62.029626666667 25.61496
62.029583333333 25.615193333333
62.029538333333 25.615433333333
62.029488333333 25.615686666667
62.029435 25.615951666667
62.029381666667 25.616231666667
62.029323333333 25.616523333333
62.029263333333 25.616828333333
62.029201666667 25.617143333333
62.029138333333 25.617465
62.02907 25.617798333333
62.029001666667 25.618143333333
62.028931666667 25.6185
62.028858333333 25.618863333333
62.028783333333 25.619231666667
62.028706666667 25.619606666667
62.028631666667 25.61999
62.028555 25.620376666667
62.028476666667 25.620765
62.028395 25.62115
62.028311666667 25.621525
62.028225 25.621878333333
62.028138333333 25.622195
62.028053333333 25.622493333333
62.027968333333 25.622776666667
62.027886666667 25.623045
62.027806666667 25.623295
62.027728333333 25.62354
62.027648333333 25.62378
62.027561666667 25.62402
62.02747 25.624256666667
62.027376666667 25.624493333333
62.02728 25.624726666667
62.02718 25.624963333333
62.027071666667 25.625201666667
62.02696 25.625443333333
62.026841666667 25.625688333333
62.026718333333 25.625933333333
62.02659 25.626173333333
62.02646 25.626406666667
62.026331666667 25.626631666667
62.026198333333 25.626848333333
62.026065 25.62706
62.025936666667 25.62726
62.025816666667 25.62745
62.025708333333 25.627628333333
62.025603333333 25.627793333333
62.025496666667 25.62793
62.025393333333 25.628085
62.025285 25.62825
62.025176666667 25.628413333333
62.025073333333 25.628573333333
62.024976666667 25.628725
62.024881666667 25.628871666667
62.024786666667 25.62902
62.024691666667 25.629165
62.0246 25.62931
62.024508333333 25.62945
62.024423333333 25.629591666667
62.024341666667 25.629731666667
62.024253333333 25.62987
62.024163333333 25.63001
62.024068333333 25.630146666667
62.023975 25.630283333333
62.023883333333 25.63041
62.023791666667 25.630536666667
62.023703333333 25.630658333333
62.023613333333 25.630778333333
62.023528333333 25.630893333333
62.023441666667 25.631001666667
62.023355 25.631108333333
62.023265 25.631213333333
62.023175 25.631313333333
62.023093333333 25.631425
62.023016666667 25.631543333333
62.022931666667 25.631651666667
62.022843333333 25.631758333333
62.022753333333 25.631863333333
62.022665 25.631968333333
62.022578333333 25.632068333333
62.022488333333 25.632166666667
62.022398333333 25.632265
62.02231 25.632361666667
62.022218333333 25.632455
62.02213 25.632548333333
62.022041666667 25.632636666667
62.021953333333 25.632723333333
62.021866666667 25.632806666667
62.021778333333 25.632886666667
62.021688333333 25.632965
62.021598333333 25.633045
62.021505 25.633125
62.021413333333 25.633206666667
62.02132 25.633288333333
62.021226666667 25.633366666667
62.021131666667 25.633448333333
62.021038333333 25.63353
62.020946666667 25.633608333333
62.020858333333 25.633686666667
62.020773333333 25.633761666667
62.020686666667 25.633838333333
62.0206 25.633916666667
62.020516666667 25.633988333333
62.020435 25.634061666667
62.020353333333 25.634136666667
62.020276666667 25.634213333333
62.020215 25.634286666667
62.020136666667 25.634355
62.020053333333 25.634423333333
62.01997 25.634505
62.019888333333 25.634581666667
62.019798333333 25.634661666667
62.019715 25.634733333333
62.019635 25.63481
62.019558333333 25.634883333333
62.01948 25.634958333333
62.0194 25.635041666667
62.019318333333 25.63513
62.019238333333 25.635218333333
62.019163333333 25.635306666667
62.019085 25.635401666667
62.019006666667 25.635501666667
62.018933333333 25.635603333333
62.018858333333 25.635708333333
62.018783333333 25.635815
62.018713333333 25.635921666667
62.01864 25.636033333333
62.018566666667 25.636146666667
62.018495 25.636268333333
62.018423333333 25.636391666667
62.018353333333 25.63652
62.018281666667 25.63665
62.018211666667 25.636785
62.01814 25.636918333333
62.018071666667 25.637056666667
62.018003333333 25.637201666667
62.017936666667 25.637348333333
62.017833333333 25.637578333333
62.017728333333 25.637833333333
62.017695 25.637921666667
62.017663333333 25.63801
62.017593333333 25.638196666667
62.017528333333 25.638385
62.017463333333 25.638581666667
62.017401666667 25.638783333333
62.01734 25.638993333333
62.017278333333 25.639208333333
62.017216666667 25.639426666667
62.017155 25.639646666667
62.017095 25.639863333333
62.017038333333 25.640073333333
62.016985 25.640271666667
62.016933333333 25.640465
62.016883333333 25.640661666667
62.016835 25.640851666667
62.016786666667 25.641045
62.016741666667 25.641238333333
62.016695 25.641426666667
62.016645 25.64161
62.016595 25.641795
62.016541666667 25.641971666667
62.016491666667 25.642151666667
62.016458333333 25.642328333333
62.016421666667 25.642503333333
62.016358333333 25.64277
62.016335 25.642861666667
62.01629 25.643041666667
62.016245 25.643225
62.016201666667 25.64341
62.016155 25.643591666667
62.016106666667 25.643771666667
62.016061666667 25.643956666667
62.016016666667 25.644141666667
62.01597 25.644328333333
62.015896666667 25.644611666667
62.015871666667 25.644706666667
62.015823333333 25.644898333333
62.015771666667 25.645083333333
62.015716666667 25.645266666667
62.015658333333 25.645458333333
62.015595 25.645658333333
62.015533333333 25.645858333333
62.015471666667 25.646058333333
62.015408333333 25.646251666667
62.015343333333 25.646443333333
62.015275 25.646635
62.01521 25.64683
62.015138333333 25.647026666667
62.015061666667 25.647226666667
62.014983333333 25.647433333333
62.014898333333 25.647646666667
62.014808333333 25.64787
62.014711666667 25.648103333333
62.01461 25.648343333333
62.014501666667 25.648586666667
62.014388333333 25.648833333333
62.01427 25.64908
62.014146666667 25.649328333333
62.014023333333 25.649575
62.013896666667 25.64982
62.013765 25.65006
62.013638333333 25.650295
62.013518333333 25.65051
62.013405 25.650703333333
62.013311666667 25.650875
62.013231666667 25.65102
62.013153333333 25.651156666667
62.013078333333 25.65129
62.013008333333 25.651416666667
62.012938333333 25.65154
62.012871666667 25.651663333333
62.012813333333 25.651783333333
62.012751666667 25.651893333333
62.012691666667 25.651998333333
62.012623333333 25.65211
62.012556666667 25.652218333333
62.012491666667 25.652325
62.012425 25.65243
62.012356666667 25.65254
62.01229 25.65265
62.012185 25.652826666667
62.012116666667 25.652935
62.01205 25.653048333333
62.011946666667 25.653223333333
62.011876666667 25.653343333333
62.011801666667 25.653466666667
62.011728333333 25.65359
62.01162 25.653775
62.011583333333 25.653835
62.01151 25.653956666667
62.011436666667 25.654088333333
62.011361666667 25.654228333333
62.01128 25.654368333333
62.011155 25.654576666667
62.011113333333 25.654653333333
62.010988333333 25.654895
62.010666666667 25.655493333333
62.01062 25.655578333333
62.010525 25.655753333333
62.010333333333 25.656096666667
62.010285 25.65618
62.01024 25.656263333333
62.010195 25.656348333333
62.010061666667 25.656593333333
62.010016666667 25.656675
62.00993 25.656836666667
62.009845 25.656991666667
62.009721666667 25.657213333333
62.009681666667 25.657283333333
62.009598333333 25.657421666667
62.009518333333 25.65756
62.00944 25.657691666667
62.009365 25.657828333333
62.009251666667 25.658051666667
62.009 25.658533333333
62.008956666667 25.65862
62.008913333333 25.658711666667
62.008681666667 25.659233333333
62.00863 25.659355
62.008523333333 25.659615
62.008413333333 25.659906666667
62.008355 25.660063333333
62.008238333333 25.660396666667
62.008115 25.660755
62.007985 25.661131666667
62.00779 25.661713333333
62.007723333333 25.661911666667
62.007585 25.662318333333
62.007445 25.662736666667
62.007305 25.663145
62.007166666667 25.663538333333
62.007036666667 25.663916666667
62.006923333333 25.664283333333
62.006831666667 25.664638333333
62.006758333333 25.66498
62.006691666667 25.665308333333
62.006638333333 25.665628333333
62.006588333333 25.66594
62.006546666667 25.666243333333
62.006505 25.666528333333
62.006465 25.666791666667
62.006428333333 25.667038333333
62.006393333333 25.667283333333
62.006358333333 25.667528333333
62.006323333333 25.667766666667
62.006286666667 25.668003333333
62.006246666667 25.668231666667
62.00621 25.668458333333
62.006173333333 25.668695
62.006123333333 25.669061666667
62.006108333333 25.669185
62.006075 25.669431666667
62.006041666667 25.669671666667
62.006008333333 25.66991
62.005973333333 25.67015
62.00594 25.670383333333
62.005906666667 25.670606666667
62.005876666667 25.670821666667
62.005846666667 25.67103
62.005816666667 25.671226666667
62.005785 25.671418333333
62.005751666667 25.671608333333
62.005716666667 25.671823333333
62.005681666667 25.672041666667
62.005643333333 25.672256666667
62.00561 25.672481666667
62.005575 25.67271
62.005545 25.672941666667
62.005508333333 25.67317
62.00548 25.673398333333
62.00545 25.673621666667
62.005416666667 25.673833333333
62.005385 25.674036666667
62.005353333333 25.674238333333
62.00532 25.674426666667
62.005288333333 25.67462
62.005258333333 25.674821666667
62.005225 25.675028333333
62.00519 25.675233333333
62.005153333333 25.675441666667
62.00512 25.675643333333
62.005085 25.675858333333
62.005045 25.676101666667
62.004986666667 25.676361666667
62.00492 25.676643333333
62.004848333333 25.676963333333
62.004758333333 25.67729
62.004651666667 25.677618333333
62.004531666667 25.677923333333
62.004405 25.67821
62.004273333333 25.678471666667
62.00414 25.678706666667
62.00401 25.678913333333
62.003878333333 25.679091666667
62.003743333333 25.67925
62.003605 25.679376666667
62.003463333333 25.679488333333
62.003321666667 25.679586666667
62.003176666667 25.67967
62.003026666667 25.679735
62.002875 25.67979
62.00272 25.679821666667
62.002563333333 25.679831666667
62.002328333333 25.679811666667
62.00225 25.679795
62.002093333333 25.67975
62.001941666667 25.679681666667
62.001793333333 25.679593333333
62.001648333333 25.679493333333
62.001511666667 25.679381666667
62.001385 25.679263333333
62.001268333333 25.679136666667
62.001116666667 25.678948333333
62.001073333333 25.678893333333
62.000988333333 25.678795
62.000876666667 25.678636666667
62.0008 25.678555
62.000726666667 25.678483333333
62.000653333333 25.67843
62.000586666667 25.678363333333
62.000518333333 25.678285
62.000416666667 25.678173333333
62.000348333333 25.678101666667
62.000278333333 25.678026666667
62.000205 25.677946666667
62.000131666667 25.677871666667
62.000061666667 25.677798333333
61.999993333333 25.677726666667
61.999895 25.677623333333
61.999833333333 25.677556666667
61.999771666667 25.677493333333
61.999711666667 25.67743
61.999625 25.677336666667
61.999548333333 25.677245
61.999491666667 25.677186666667
61.999436666667 25.67713
61.999383333333 25.677071666667
61.999331666667 25.677021666667
61.999281666667 25.676975
61.99923 25.676923333333
61.99918 25.67687
61.999133333333 25.676816666667
61.999085 25.67677
61.99904 25.676725
61.998996666667 25.67668
61.998953333333 25.676636666667
61.998908333333 25.676585
61.998861666667 25.676536666667
61.998816666667 25.676488333333
61.998773333333 25.676441666667
61.99873 25.6764
61.998688333333 25.67636
61.998628333333 25.676306666667
61.998573333333 25.676241666667
61.998525 25.676188333333
61.998473333333 25.67614
61.998415 25.67608
61.998361666667 25.67602
61.998318333333 25.675971666667
61.998275 25.675933333333
61.998238333333 25.675875
61.998195 25.675828333333
61.998151666667 25.675785
61.998106666667 25.675731666667
61.998056666667 25.675683333333
61.998008333333 25.675636666667
61.997965 25.675598333333
61.997918333333 25.675545
61.997868333333 25.675498333333
61.997821666667 25.67544
61.997765 25.675386666667
61.997711666667 25.675323333333
61.997655 25.675261666667
61.99759 25.675196666667
61.997498333333 25.67511
61.997416666667 25.675036666667
61.99731 25.674915
61.99718 25.674778333333
61.997038333333 25.674638333333
61.996886666667 25.67448
61.996726666667 25.67431
61.996561666667 25.674138333333
61.996393333333 25.673963333333
61.99622 25.673783333333
61.996045 25.673601666667
61.995868333333 25.673428333333
61.995691666667 25.673263333333
61.995511666667 25.673103333333
61.995326666667 25.672951666667
61.99514 25.672806666667
61.994953333333 25.672671666667
61.99477 25.672553333333
61.99459 25.672443333333
61.994408333333 25.672338333333
61.994226666667 25.672246666667
61.994043333333 25.67216
61.993868333333 25.672086666667
61.993693333333 25.67202
61.993518333333 25.67196
61.993343333333 25.671908333333
61.993168333333 25.671863333333
61.992915 25.671825
61.992833333333 25.671813333333
61.99267 25.671785
61.992501666667 25.671756666667
61.992336666667 25.671731666667
61.992171666667 25.671746666667
61.992006666667 25.671778333333
61.991635 25.671858333333
61.991535 25.67188
61.99133 25.671935
61.99112 25.671986666667
61.990913333333 25.672048333333
61.99071 25.672126666667
61.990515 25.672208333333
61.990328333333 25.672303333333
61.990146666667 25.672396666667
61.989971666667 25.672496666667
61.989808333333 25.672606666667
61.989658333333 25.672708333333
61.98952 25.672801666667
61.989395 25.672891666667
61.989281666667 25.672968333333
61.989178333333 25.673041666667
61.989085 25.673108333333
61.988996666667 25.67317
61.988918333333 25.673228333333
61.98884 25.673283333333
61.988763333333 25.673338333333
61.98869 25.673395
61.988615 25.67345
61.98854 25.673505
61.988463333333 25.673556666667
61.988388333333 25.673606666667
61.988313333333 25.67366
61.988236666667 25.673711666667
61.988161666667 25.673766666667
61.988085 25.673821666667
61.98801 25.673876666667
61.987935 25.673928333333
61.987861666667 25.67398
61.98779 25.674031666667
61.987718333333 25.674083333333
61.987646666667 25.674136666667
61.98757 25.674186666667
61.987491666667 25.674241666667
61.987411666667 25.674296666667
61.98733 25.674351666667
61.98725 25.674405
61.98717 25.674455
61.987095 25.674508333333
61.987021666667 25.674568333333
61.986951666667 25.674625
61.986873333333 25.674676666667
61.986798333333 25.674733333333
61.986728333333 25.674788333333
61.986656666667 25.674836666667
61.98659 25.674878333333
61.986528333333 25.674916666667
61.986473333333 25.674955
61.986418333333 25.674998333333
61.986365 25.675038333333
61.986291666667 25.675095
61.986216666667 25.675151666667
61.986163333333 25.67519
61.98611 25.675226666667
61.986058333333 25.675266666667
61.986008333333 25.675308333333
61.985955 25.67535
61.9859 25.67539
61.985846666667 25.67543
61.985791666667 25.675468333333
61.985735 25.675508333333
61.985676666667 25.675551666667
61.98562 25.675595
61.985561666667 25.675636666667
61.985501666667 25.675678333333
61.98544 25.675716666667
61.98538 25.675756666667
61.98532 25.675796666667
61.98526 25.67584
61.985196666667 25.675883333333
61.985135 25.675926666667
61.985071666667 25.675971666667
61.985011666667 25.676011666667
61.98495 25.67605
61.984888333333 25.676093333333
61.984828333333 25.676135
61.984768333333 25.676176666667
61.98471 25.676215
61.984651666667 25.676253333333
61.98459 25.67629
61.984528333333 25.67632
61.98447 25.676355
61.984408333333 25.67639
61.984346666667 25.676423333333
61.984283333333 25.676455
61.98422 25.67649
61.984156666667 25.676523333333
61.984093333333 25.67655
61.984031666667 25.67658
61.983973333333 25.676611666667
61.983913333333 25.676643333333
61.983851666667 25.676673333333
61.983786666667 25.676703333333
61.98372 25.676736666667
61.983653333333 25.676766666667
61.98359 25.676795
61.983523333333 25.676823333333
61.983453333333 25.676851666667
61.983388333333 25.67688
61.983318333333 25.67691
61.983251666667 25.676938333333
61.983185 25.67697
61.983118333333 25.677
61.983051666667 25.677031666667
61.982991666667 25.677065
61.982931666667 25.677103333333
61.98287 25.677138333333
61.982811666667 25.677176666667
61.982751666667 25.677221666667
61.982691666667 25.677266666667
61.982636666667 25.677315
61.98258 25.67737
61.982521666667 25.677413333333
61.982461666667 25.67746
61.982403333333 25.677516666667
61.982343333333 25.677575
61.982281666667 25.677636666667
61.982221666667 25.677695
61.982165 25.677755
61.982105 25.67781
61.982046666667 25.677861666667
61.98199 25.67792
61.98193 25.677981666667
61.98187 25.678041666667
61.981811666667 25.678096666667
61.981751666667 25.67816
61.981698333333 25.678226666667
61.981645 25.678295
61.981596666667 25.678371666667
61.981546666667 25.678463333333
61.981491666667 25.678556666667
61.981435 25.67865
61.981376666667 25.678746666667
61.981315 25.678851666667
61.981248333333 25.678963333333
61.98118 25.679083333333
61.98111 25.679213333333
61.981036666667 25.67936
61.98096 25.679521666667
61.980883333333 25.679686666667
61.980805 25.679851666667
61.980725 25.680018333333
61.980646666667 25.680195
61.980566666667 25.680365
61.98049 25.68054
61.980415 25.680708333333
61.980336666667 25.680871666667
61.980253333333 25.681031666667
61.980171666667 25.68119
61.980078333333 25.681343333333
61.979985 25.681496666667
61.979893333333 25.68165
61.979798333333 25.681796666667
61.979701666667 25.681935
61.979608333333 25.682061666667
61.979518333333 25.682175
61.979431666667 25.682275
61.97935 25.682375
61.979265 25.682465
61.979175 25.682553333333
61.979091666667 25.682638333333
61.979006666667 25.682723333333
61.978923333333 25.682803333333
61.97884 25.682885
61.978758333333 25.68297
61.978666666667 25.683056666667
61.97857 25.683145
61.978471666667 25.68324
61.978366666667 25.683336666667
61.978255 25.683443333333
61.978136666667 25.68356
61.978016666667 25.683675
61.977895 25.683793333333
61.977768333333 25.68391
61.977638333333 25.684033333333
61.977495 25.684161666667
61.97734 25.684303333333
61.977176666667 25.684458333333
61.97701 25.684613333333
61.976838333333 25.684768333333
61.976666666667 25.684935
61.97649 25.685108333333
61.976305 25.685285
61.976113333333 25.685463333333
61.975923333333 25.68565
61.975733333333 25.685828333333
61.975546666667 25.686008333333
61.975368333333 25.686178333333
61.975201666667 25.686331666667
61.97505 25.686471666667
61.974916666667 25.68659
61.97479 25.686695
61.97466 25.686796666667
61.974528333333 25.686911666667
61.974395 25.687041666667
61.97426 25.687193333333
61.974125 25.687368333333
61.973993333333 25.687558333333
61.973861666667 25.687768333333
61.973716666667 25.687976666667
61.973558333333 25.68818
61.973383333333 25.688363333333
61.9732 25.688518333333
61.972928333333 25.688695
61.972845 25.688746666667
61.972685 25.688846666667
61.97253 25.688938333333
61.972378333333 25.68902
61.972235 25.689106666667
61.972093333333 25.68919
61.971955 25.689271666667
61.971818333333 25.689353333333
61.97168 25.689436666667
61.971538333333 25.689528333333
61.971391666667 25.689626666667
61.97124 25.689741666667
61.971083333333 25.68987
61.970925 25.69
61.970766666667 25.690133333333
61.970608333333 25.690268333333
61.970445 25.690403333333
61.970276666667 25.690528333333
61.970106666667 25.690646666667
61.969935 25.690726666667
61.969765 25.690771666667
61.969588333333 25.690798333333
61.969396666667 25.690826666667
61.969183333333 25.690856666667
61.968958333333 25.690888333333
61.968715 25.690925
61.968463333333 25.690958333333
61.968198333333 25.690985
61.967933333333 25.691011666667
61.967661666667 25.691031666667
61.967398333333 25.691058333333
61.967146666667 25.69109
61.966908333333 25.691116666667
61.966678333333 25.69115
61.96646 25.6912
61.966253333333 25.691293333333
61.966053333333 25.691423333333
61.965853333333 25.691571666667
61.96564 25.691726666667
61.965411666667 25.691891666667
61.965175 25.692063333333
61.96493 25.69224
61.964671666667 25.692421666667
61.964408333333 25.69261
61.964148333333 25.692798333333
61.963893333333 25.69299
61.963648333333 25.693186666667
61.963411666667 25.69339
61.963185 25.693606666667
61.962956666667 25.69382
61.962725 25.694001666667
61.962488333333 25.694121666667
61.962253333333 25.694175
61.96203 25.694168333333
61.96182 25.694143333333
61.961615 25.694116666667
61.961425 25.69409
61.961246666667 25.694051666667
61.961075 25.694005
61.960911666667 25.693968333333
61.960751666667 25.693935
61.960593333333 25.693896666667
61.960428333333 25.69386
61.960253333333 25.693816666667
61.960073333333 25.69377
61.959888333333 25.693716666667
61.959695 25.69366
61.959503333333 25.693633333333
61.95931 25.693676666667
61.959111666667 25.693758333333
61.958911666667 25.693841666667
61.958703333333 25.693908333333
61.958491666667 25.693941666667
61.958283333333 25.693958333333
61.958088333333 25.693941666667
61.9579 25.693901666667
61.95772 25.693836666667
61.957546666667 25.693775
61.95739 25.693715
61.957245 25.693666666667
61.95712 25.693625
61.957008333333 25.693588333333
61.9569 25.693551666667
61.956793333333 25.693521666667
61.956678333333 25.693488333333
61.956558333333 25.693455
61.95643 25.693423333333
61.956298333333 25.693391666667
61.956168333333 25.693356666667
61.956043333333 25.693316666667
61.955916666667 25.69328
61.955796666667 25.69324
61.955676666667 25.693185
61.955558333333 25.693118333333
61.955438333333 25.693041666667
61.955311666667 25.692953333333
61.955176666667 25.69286
61.955033333333 25.692738333333
61.954885 25.692603333333
61.954648333333 25.69239
61.954566666667 25.692318333333
61.954401666667 25.69217
61.954236666667 25.692025
61.954071666667 25.691881666667
61.953905 25.69175
61.953738333333 25.691643333333
61.953571666667 25.691568333333
61.953405 25.691533333333
61.953236666667 25.691528333333
61.953075 25.691543333333
61.952918333333 25.69158
61.952763333333 25.69163
61.952613333333 25.6917
61.95247 25.691796666667
61.952336666667 25.691923333333
61.95221 25.692071666667
61.952095 25.692235
61.951981666667 25.692401666667
61.951871666667 25.692568333333
61.951768333333 25.69273
61.951658333333 25.69288
61.951548333333 25.693018333333
61.95144 25.693153333333
61.951331666667 25.69328
61.951223333333 25.693403333333
61.951123333333 25.69352
61.951021666667 25.69364
61.950925 25.693756666667
61.950831666667 25.693875
61.950738333333 25.694
61.950646666667 25.694131666667
61.950553333333 25.694273333333
61.950455 25.694416666667
61.95036 25.694573333333
61.950265 25.694736666667
61.950173333333 25.694906666667
61.950086666667 25.69508
61.950005 25.695236666667
61.949933333333 25.695371666667
61.94987 25.695486666667
61.949808333333 25.695593333333
61.94975 25.695698333333
61.949691666667 25.6958
61.949633333333 25.695896666667
61.949576666667 25.695988333333
61.949518333333 25.696075
61.94946 25.696155
61.949403333333 25.696228333333
61.949343333333 25.69629
61.949298333333 25.69634
61.949256666667 25.696393333333
61.949303333333 25.696435
61.949356666667 25.696453333333
61.949406666667 25.696465
61.949406666667 25.696463333333
61.949448333333 25.696426666667
61.949401666667 25.69638
61.949356666667 25.696358333333
61.949386666667 25.696431666667
61.94943 25.696463333333
61.949476666667 25.696473333333
61.949473333333 25.696451666667
61.949521666667 25.696475
61.949566666667 25.696475
61.949518333333 25.696468333333
61.949503333333 25.696361666667
61.949455 25.696318333333
61.949398333333 25.69636
61.949355 25.6964
61.949293333333 25.696438333333
61.94925 25.696465
61.9492 25.696495
61.949141666667 25.696528333333
61.949093333333 25.696558333333
61.949046666667 25.69659
61.948993333333 25.696628333333
61.948933333333 25.696671666667
61.94887 25.696718333333
61.948806666667 25.69676
61.948755 25.696803333333
61.948691666667 25.696845
61.948613333333 25.696896666667
61.833703333333 25.793896666667
61.833545 25.793811666667
61.833581666667 25.793888333333
61.833623333333 25.793941666667
61.833591666667 25.793873333333
61.833633333333 25.793916666667
61.785678333333 26.041491666667
61.785673333333 26.041496666667
61.78567 26.041495
61.785653333333 26.041611666667
61.78565 26.041741666667
61.785643333333 26.041845
61.785631666667 26.041956666667
61.785616666667 26.042065
61.785603333333 26.04217
61.785593333333 26.04227
61.741106666667 26.11146
61.741078333333 26.111381666667
61.741126666667 26.111391666667
61.741166666667 26.111341666667
61.741215 26.11135
61.741258333333 26.111425
61.74131 26.111488333333
61.74137 26.111543333333
61.814123333333 26.210046666667
61.814098333333 26.210138333333
61.814125 26.210228333333
61.814151666667 26.210151666667
61.81415 26.210253333333
61.814183333333 26.210131666667
